# Created by Octave 4.0.3, Tue Apr 18 00:50:50 2017 EST <BrittneySamuels@Brittney-Samuelss-MacBook-Pro.local>
# name: GMModel
# type: object


