Gaussian mixture distribution with 12 components in 12 dimension(s)Clust 1: weight 0.167184        Mean: 7.57667 1.80494 0.117755 1.026 0.512619 0.0230318 0.126232 0.157326 -0.0551621 -0.0383756 -0.204386 -0.264016        Variance: Columns 1 through 5:   1.5355140   0.0076072  -0.5286867  -0.2622094  -0.0755197   0.0076072   0.7188030   0.5032752  -0.0527765  -0.1239090  -0.5286867   0.5032752   0.9202631   0.5374232   0.0264856  -0.2622094  -0.0527765   0.5374232   0.7917442   0.3488854  -0.0755197  -0.1239090   0.0264856   0.3488854   0.4537743  -0.0638421   0.0119140  -0.1315800  -0.1287612   0.1843443  -0.0360478  -0.0380243  -0.0707790  -0.1444216  -0.0752499  -0.0411014  -0.0763748  -0.0177772   0.0106874  -0.0556163  -0.0498678  -0.0232081  -0.0038365   0.0300491   0.0129320  -0.0193017  -0.0492352  -0.0248338  -0.0242659  -0.0563037  -0.0350904  -0.0822969  -0.0562364  -0.0651934  -0.1195463  -0.0389216  -0.0129910  -0.0422026  -0.0791953  -0.0902342 Columns 6 through 10:  -0.0638421  -0.0360478  -0.0411014  -0.0498678  -0.0193017   0.0119140  -0.0380243  -0.0763748  -0.0232081  -0.0492352  -0.1315800  -0.0707790  -0.0177772  -0.0038365  -0.0248338  -0.1287612  -0.1444216   0.0106874   0.0300491  -0.0242659   0.1843443  -0.0752499  -0.0556163   0.0129320  -0.0563037   0.3699877   0.1891616  -0.0316435  -0.0674175  -0.0599203   0.1891616   0.3252727   0.1517386  -0.0459418  -0.0475834  -0.0316435   0.1517386   0.2429392   0.1142056  -0.0152613  -0.0674175  -0.0459418   0.1142056   0.1888629   0.0898617  -0.0599203  -0.0475834  -0.0152613   0.0898617   0.1885445  -0.0870210  -0.0040555  -0.0084320  -0.0037531   0.1452602  -0.0778125  -0.0286422   0.0101971  -0.0066857   0.0248483 Columns 11 and 12:  -0.0350904  -0.0389216  -0.0822969  -0.0129910  -0.0562364  -0.0422026  -0.0651934  -0.0791953  -0.1195463  -0.0902342  -0.0870210  -0.0778125  -0.0040555  -0.0286422  -0.0084320   0.0101971  -0.0037531  -0.0066857   0.1452602   0.0248483   0.2594842   0.1535502   0.1535502   0.1990207Clust 2: weight 0.12145        Mean: 7.1153 1.17886 0.355819 1.07416 0.0962949 0.03124150.163217 -0.0985956 -0.0894243 0.0423393 -0.146282 -0.0754415        Variance: Columns 1 through 5:   1.6962e+00   4.2383e-02  -4.3276e-01  -1.9068e-01  -9.6361e-02   4.2383e-02   7.9849e-01   4.1766e-01  -4.2189e-02   2.1049e-02  -4.3276e-01   4.1766e-01   7.7129e-01   4.2938e-01   7.1358e-02  -1.9068e-01  -4.2189e-02   4.2938e-01   5.6786e-01   2.6572e-01  -9.6361e-02   2.1049e-02   7.1358e-02   2.6572e-01   3.9834e-01  -6.9078e-02   3.9516e-02   4.4956e-02   4.5203e-02   2.1382e-01  -2.8449e-03  -3.8065e-02   5.2114e-02   2.3250e-02   3.6748e-03  -1.5830e-02  -7.0318e-03   1.7590e-02   3.2654e-02  -3.9349e-04  -2.8869e-02  -7.6291e-03   4.0056e-02   4.0110e-02   2.2307e-02   1.1361e-02  -3.9519e-02   1.9240e-02   2.0730e-02  -1.3751e-02   2.1964e-02  -2.0856e-02  -2.8608e-02  -1.9227e-02  -3.0559e-02   1.3430e-02  -6.1389e-03  -4.2927e-03  -2.2301e-02  -3.3272e-02 Columns 6 through 10:  -6.9078e-02  -2.8449e-03  -1.5830e-02  -2.8869e-02   1.1361e-02   3.9516e-02  -3.8065e-02  -7.0318e-03  -7.6291e-03  -3.9519e-02   4.4956e-02   5.2114e-02   1.7590e-02   4.0056e-02   1.9240e-02   4.5203e-02   2.3250e-02   3.2654e-02   4.0110e-02   2.0730e-02   2.1382e-01   3.6748e-03  -3.9349e-04   2.2307e-02  -1.3751e-02   3.3777e-01   1.8851e-01   1.3567e-02   5.4021e-03   6.1531e-03   1.8851e-01   2.9420e-01   1.5430e-01   1.6226e-02  -4.4896e-03   1.3567e-02   1.5430e-01   2.4024e-01   1.2865e-01  -2.5016e-03   5.4021e-03   1.6226e-02   1.2865e-01   2.1300e-01   1.1839e-01   6.1531e-03  -4.4896e-03  -2.5016e-03   1.1839e-01   1.9901e-01  -2.9850e-02  -5.9236e-03  -1.1104e-02   4.9414e-03   1.1394e-01  -2.1675e-02  -8.8777e-03   7.6473e-03   6.8397e-03   1.6036e-02 Columns 11 and 12:   2.1964e-02   1.3430e-02  -2.0856e-02  -6.1389e-03  -2.8608e-02  -4.2927e-03  -1.9227e-02  -2.2301e-02  -3.0559e-02  -3.3272e-02  -2.9850e-02  -2.1675e-02  -5.9236e-03  -8.8777e-03  -1.1104e-02   7.6473e-03   4.9414e-03   6.8397e-03   1.1394e-01   1.6036e-02   1.8382e-01   9.8405e-02   9.8405e-02   1.5216e-01Clust 3: weight 0.12133        Mean: 9.04721 0.850318 -0.301701 1.31098 0.316076 -0.128825 0.351473 0.193953 -0.0867445 0.123671 -0.115865 -0.261021        Variance: Columns 1 through 5:   2.0230e+00   5.7056e-02  -4.6377e-01  -1.3056e-01  -5.5457e-02   5.7056e-02   1.0235e+00   5.8357e-01  -1.4367e-01  -8.3205e-02  -4.6377e-01   5.8357e-01   1.0297e+00   5.4952e-01  -5.3128e-02  -1.3056e-01  -1.4367e-01   5.4952e-01   8.7992e-01   2.9392e-01  -5.5457e-02  -8.3205e-02  -5.3128e-02   2.9392e-01   5.0977e-01  -7.7312e-02   7.7009e-02  -1.6520e-01  -2.3161e-01   1.8486e-01  -1.3942e-02  -9.9655e-02  -9.1389e-02  -1.6257e-01  -1.4378e-01  -9.6025e-02  -1.3379e-01  -7.6519e-02   2.2294e-03  -5.5648e-02  -1.3547e-01  -2.2914e-02  -2.2473e-02   5.7887e-03   4.1182e-02  -3.0525e-02  -1.0316e-01  -2.8416e-02  -1.2900e-02  -7.2709e-02  -7.2809e-02  -1.8355e-01  -1.1748e-01  -5.4066e-02  -1.2170e-01  -1.3933e-01  -5.6773e-02  -7.3463e-02  -9.2133e-02  -7.3472e-02 Columns 6 through 10:  -7.7312e-02  -1.3942e-02  -9.6025e-02  -1.3547e-01  -3.0525e-02   7.7009e-02  -9.9655e-02  -1.3379e-01  -2.2914e-02  -1.0316e-01  -1.6520e-01  -9.1389e-02  -7.6519e-02  -2.2473e-02  -2.8416e-02  -2.3161e-01  -1.6257e-01   2.2294e-03   5.7887e-03  -1.2900e-02   1.8486e-01  -1.4378e-01  -5.5648e-02   4.1182e-02  -7.2709e-02   4.2610e-01   1.6591e-01  -7.1388e-02  -4.8416e-02  -5.2175e-02   1.6591e-01   3.6628e-01   1.5501e-01  -7.1615e-02  -2.5676e-02  -7.1388e-02   1.5501e-01   2.9995e-01   1.1803e-01  -2.7339e-02  -4.8416e-02  -7.1615e-02   1.1803e-01   2.1767e-01   8.5119e-02  -5.2175e-02  -2.5676e-02  -2.7339e-02   8.5119e-02   2.1714e-01  -1.0591e-01   3.8649e-02   5.3346e-02  -4.0971e-05   1.5774e-01  -6.6012e-02  -1.3381e-02   5.9673e-02   2.5186e-02   1.5963e-02 Columns 11 and 12:  -7.2809e-02  -1.3933e-01  -1.8355e-01  -5.6773e-02  -1.1748e-01  -7.3463e-02  -5.4066e-02  -9.2133e-02  -1.2170e-01  -7.3472e-02  -1.0591e-01  -6.6012e-02   3.8649e-02  -1.3381e-02   5.3346e-02   5.9673e-02  -4.0971e-05   2.5186e-02   1.5774e-01   1.5963e-02   3.1997e-01   1.7158e-01   1.7158e-01   2.3342e-01Clust 4: weight 0.112073        Mean: 7.47309 0.353124 0.725298 1.36768 -0.230912 0.240919 0.291403 -0.254016 0.0895014 0.098743 -0.230983 0.0653297        Variance: Columns 1 through 5:   1.3683e+00  -9.8070e-03  -2.1680e-01  -6.0159e-02  -1.1073e-01  -9.8070e-03   6.7156e-01   2.0881e-01  -6.1830e-02   6.7869e-02  -2.1680e-01   2.0881e-01   5.0231e-01   2.6657e-01   9.9994e-03  -6.0159e-02  -6.1830e-02   2.6657e-01   3.9643e-01   1.8008e-01  -1.1073e-01   6.7869e-02   9.9994e-03   1.8008e-01   3.3632e-01  -4.6484e-02  -2.9853e-02   3.5837e-02   2.5130e-02   1.4092e-01  -1.4869e-02  -4.0531e-02   3.0475e-02   1.6809e-02  -6.2928e-03  -8.4916e-02   3.8128e-02  -1.1305e-03   1.4997e-02   2.3697e-02  -3.9176e-02  -3.9806e-02   3.5875e-02   1.8380e-02   2.9374e-03   4.3178e-04  -3.4381e-02   6.0889e-03   1.5371e-02  -1.1833e-02  -9.8831e-03   1.2379e-02  -2.8557e-02  -1.0538e-02   4.6635e-03   1.5208e-02  -3.2531e-02   1.9155e-03  -1.0796e-02  -1.9373e-02 Columns 6 through 10:  -4.6484e-02  -1.4869e-02  -8.4916e-02  -3.9176e-02   4.3178e-04  -2.9853e-02  -4.0531e-02   3.8128e-02  -3.9806e-02  -3.4381e-02   3.5837e-02   3.0475e-02  -1.1305e-03   3.5875e-02   6.0889e-03   2.5130e-02   1.6809e-02   1.4997e-02   1.8380e-02   1.5371e-02   1.4092e-01  -6.2928e-03   2.3697e-02   2.9374e-03  -1.1833e-02   2.7548e-01   1.4177e-01  -8.8011e-03   7.8509e-03   3.4512e-03   1.4177e-01   2.4372e-01   1.1353e-01  -1.0516e-02  -4.9079e-03  -8.8011e-03   1.1353e-01   2.1782e-01   9.3431e-02  -2.0702e-02   7.8509e-03  -1.0516e-02   9.3431e-02   1.9738e-01   8.6188e-02   3.4512e-03  -4.9079e-03  -2.0702e-02   8.6188e-02   1.7556e-01  -2.2867e-02  -5.9099e-03  -8.0932e-03  -2.3074e-02   8.2263e-02  -3.8901e-03  -1.7749e-02  -4.5985e-03   1.1569e-03  -1.3236e-02 Columns 11 and 12:  -9.8831e-03   1.5208e-02   1.2379e-02  -3.2531e-02  -2.8557e-02   1.9155e-03  -1.0538e-02  -1.0796e-02   4.6635e-03  -1.9373e-02  -2.2867e-02  -3.8901e-03  -5.9099e-03  -1.7749e-02  -8.0932e-03  -4.5985e-03  -2.3074e-02   1.1569e-03   8.2263e-02  -1.3236e-02   1.6544e-01   6.8974e-02   6.8974e-02   1.3992e-01Clust 5: weight 0.089025        Mean: 6.58007 2.66476 0.62519 0.834498 0.660907 0.27874 0.00334257 0.0537775 -0.036678 -0.214788 -0.42527 -0.312433        Variance: Columns 1 through 5:   1.1566e+00   3.3314e-02  -4.9167e-01  -3.3999e-01  -9.5842e-02   3.3314e-02   4.1956e-01   3.5413e-01   1.4346e-02  -1.3796e-01  -4.9167e-01   3.5413e-01   7.0266e-01   4.2926e-01   3.4940e-02  -3.3999e-01   1.4346e-02   4.2926e-01   5.6402e-01   3.0201e-01  -9.5842e-02  -1.3796e-01   3.4940e-02   3.0201e-01   3.6084e-01  -3.1233e-02  -6.9405e-02  -1.1760e-01  -3.7034e-02   1.7200e-01  -3.8737e-02  -6.8136e-03  -7.0476e-02  -1.2483e-01  -1.0831e-02  -2.2806e-02  -1.2691e-02  -2.3443e-03  -2.0098e-02  -3.4708e-02   4.7309e-03  -2.2720e-02   7.4788e-03   3.7798e-02  -5.5600e-03   2.3087e-03  -1.2615e-02  -4.3007e-03  -3.9696e-03  -3.5186e-02  -2.6392e-02   4.0796e-03   5.8939e-03  -3.7896e-02  -7.9129e-02  -1.4555e-02   8.6529e-03   1.0089e-02  -2.7790e-02  -7.5496e-02 Columns 6 through 10:  -3.1233e-02  -3.8737e-02  -2.2806e-02   4.7309e-03   2.3087e-03  -6.9405e-02  -6.8136e-03  -1.2691e-02  -2.2720e-02  -1.2615e-02  -1.1760e-01  -7.0476e-02  -2.3443e-03   7.4788e-03  -4.3007e-03  -3.7034e-02  -1.2483e-01  -2.0098e-02   3.7798e-02  -3.9696e-03   1.7200e-01  -1.0831e-02  -3.4708e-02  -5.5600e-03  -3.5186e-02   2.9383e-01   2.0170e-01   2.7721e-02  -6.3114e-02  -7.3655e-02   2.0170e-01   2.7531e-01   1.4231e-01  -2.2720e-02  -7.9130e-02   2.7721e-02   1.4231e-01   1.7985e-01   9.0821e-02  -2.2655e-02  -6.3114e-02  -2.2720e-02   9.0821e-02   1.4079e-01   7.9849e-02  -7.3655e-02  -7.9130e-02  -2.2655e-02   7.9849e-02   1.4705e-01  -7.8854e-02  -6.8172e-02  -6.0906e-02  -4.8853e-04   1.1644e-01  -8.6846e-02  -6.2075e-02  -4.0827e-02  -2.3039e-02   3.5567e-02 Columns 11 and 12:  -2.6392e-02  -1.4555e-02   4.0796e-03   8.6529e-03   5.8939e-03   1.0089e-02  -3.7896e-02  -2.7790e-02  -7.9129e-02  -7.5496e-02  -7.8854e-02  -8.6846e-02  -6.8172e-02  -6.2075e-02  -6.0906e-02  -4.0827e-02  -4.8853e-04  -2.3039e-02   1.1644e-01   3.5567e-02   1.7953e-01   1.2252e-01   1.2252e-01   1.5131e-01Clust 6: weight 0.0877662        Mean: 8.76183 -0.460565 0.832628 1.67258 -0.624225 0.409378 0.348659 -0.432881 0.257565 0.0742284 -0.331596 0.189162        Variance: Columns 1 through 5:   1.2666e+00  -2.4294e-02  -8.6702e-02   6.5139e-03  -1.2183e-01  -2.4294e-02   6.6485e-01   1.2342e-01  -7.9345e-02   6.9426e-02  -8.6702e-02   1.2342e-01   5.1833e-01   2.3012e-01  -1.6136e-02   6.5139e-03  -7.9345e-02   2.3012e-01   4.0058e-01   1.4328e-01  -1.2183e-01   6.9426e-02  -1.6136e-02   1.4328e-01   3.4694e-01   6.4924e-03  -6.4781e-02   6.6128e-02   3.2658e-02   1.1148e-01   6.0603e-03  -1.7029e-02   7.8072e-03   2.2953e-02   2.3798e-03  -9.0593e-02   5.5075e-02  -1.5390e-02  -7.2529e-03   2.0483e-02  -1.6884e-02  -5.4350e-02   4.8850e-02   1.2164e-02  -1.6568e-02  -3.1598e-03  -1.8882e-02  -8.6584e-03   2.1474e-02  -2.3853e-03  -6.7988e-03   3.9922e-03  -2.0058e-02  -4.2006e-03   9.5714e-03   3.3565e-02  -3.9352e-02   1.9641e-02  -9.2166e-04  -1.3103e-02 Columns 6 through 10:   6.4924e-03   6.0603e-03  -9.0593e-02  -1.6884e-02  -3.1598e-03  -6.4781e-02  -1.7029e-02   5.5075e-02  -5.4350e-02  -1.8882e-02   6.6128e-02   7.8072e-03  -1.5390e-02   4.8850e-02  -8.6584e-03   3.2658e-02   2.2953e-02  -7.2529e-03   1.2164e-02   2.1474e-02   1.1148e-01   2.3798e-03   2.0483e-02  -1.6568e-02  -2.3853e-03   3.0562e-01   1.1104e-01  -1.5894e-02   2.2732e-02  -9.9213e-03   1.1104e-01   2.6004e-01   9.8867e-02  -1.5290e-02   3.1653e-03  -1.5894e-02   9.8867e-02   2.3437e-01   7.3476e-02  -1.8703e-02   2.2732e-02  -1.5290e-02   7.3476e-02   2.1614e-01   6.1500e-02  -9.9213e-03   3.1653e-03  -1.8703e-02   6.1500e-02   1.9448e-01  -1.4277e-02  -9.9503e-03  -8.2587e-03  -1.3188e-02   6.6201e-02   9.7062e-03  -2.1189e-02  -1.0689e-02   9.2742e-03  -1.8558e-02 Columns 11 and 12:  -6.7988e-03   3.3565e-02   3.9922e-03  -3.9352e-02  -2.0058e-02   1.9641e-02  -4.2006e-03  -9.2166e-04   9.5714e-03  -1.3103e-02  -1.4277e-02   9.7062e-03  -9.9503e-03  -2.1189e-02  -8.2587e-03  -1.0689e-02  -1.3188e-02   9.2742e-03   6.6201e-02  -1.8558e-02   1.6789e-01   5.7069e-02   5.7069e-02   1.5991e-01Clust 7: weight 0.0586574        Mean: 8.18827 -1.58146 0.348604 1.9171 -0.180657 0.1967690.390874 -0.268241 0.0491454 0.192526 -0.140201 0.122438        Variance: Columns 1 through 5:   4.1138812   0.7078282  -0.3377682  -0.3449281  -0.5305091   0.7078282   2.5739510   0.9622793  -0.5159805  -0.2406494  -0.3377682   0.9622793   1.2420379   0.3606849  -0.1278600  -0.3449281  -0.5159805   0.3606849   0.9291718   0.3671227  -0.5305091  -0.2406494  -0.1278600   0.3671227   0.6412278  -0.0601129   0.0459604   0.0082000  -0.1433088   0.2015495   0.0663951  -0.0439037  -0.0080838  -0.0408673  -0.0603201  -0.0341223   0.0919962  -0.0160290  -0.0381698  -0.0258666   0.1649222   0.0660693   0.0428924  -0.0871721  -0.0816839  -0.0418406  -0.0514614  -0.0121420   0.0153382  -0.0343646  -0.1467783  -0.0560283  -0.0460843   0.0198422   0.0258970  -0.0117250  -0.0656742  -0.0108803  -0.0326784  -0.0299594 Columns 6 through 10:  -0.0601129   0.0663951  -0.0341223   0.1649222  -0.0418406   0.0459604  -0.0439037   0.0919962   0.0660693  -0.0514614   0.0082000  -0.0080838  -0.0160290   0.0428924  -0.0121420  -0.1433088  -0.0408673  -0.0381698  -0.0871721   0.0153382   0.2015495  -0.0603201  -0.0258666  -0.0816839  -0.0343646   0.5537076   0.2087250  -0.0672058  -0.0033229  -0.0464739   0.2087250   0.3854265   0.1398594  -0.0464284  -0.0118856  -0.0672058   0.1398594   0.3146772   0.1314298  -0.0257155  -0.0033229  -0.0464284   0.1314298   0.2956550   0.0932912  -0.0464739  -0.0118856  -0.0257155   0.0932912   0.2285119  -0.0536228  -0.0302397  -0.0143075  -0.0409267   0.1067645   0.0047604  -0.0343371  -0.0154991   0.0094596  -0.0105896 Columns 11 and 12:  -0.1467783  -0.0117250  -0.0560283  -0.0656742  -0.0460843  -0.0108803   0.0198422  -0.0326784   0.0258970  -0.0299594  -0.0536228   0.0047604  -0.0302397  -0.0343371  -0.0143075  -0.0154991  -0.0409267   0.0094596   0.1067645  -0.0105896   0.2334565   0.0995402   0.0995402   0.1828729Clust 8: weight 0.0571099        Mean: 8.28782 -0.44855 -0.111512 1.66203 0.0402389 -0.143466 0.310593 -0.0633349 -0.0508329 0.172009 -0.0978053 -0.0376657        Variance: Columns 1 through 5:   5.6446322   0.7093805  -0.1866188   0.2948814  -0.1641417   0.7093805   1.7560457   0.7526032  -0.2556393  -0.1236548  -0.1866188   0.7526032   1.1263848   0.5881265  -0.0443037   0.2948814  -0.2556393   0.5881265   1.0858628   0.3674036  -0.1641417  -0.1236548  -0.0443037   0.3674036   0.6025231  -0.0993121  -0.0055443  -0.1282835  -0.1374567   0.2554361   0.0764429  -0.1381867  -0.0324703  -0.0343625  -0.0746828  -0.0327638  -0.0624503  -0.0533076  -0.0018405  -0.0483268   0.0404158   0.0126894  -0.0231186  -0.0514344  -0.0189695   0.0753213  -0.0706041  -0.0097110   0.0012980  -0.0561776  -0.1065677  -0.0974953  -0.0825719  -0.0377368  -0.0313433  -0.0572138  -0.0379573  -0.0546936  -0.0874855  -0.0371339 Columns 6 through 10:  -0.0993121   0.0764429  -0.0327638   0.0404158   0.0753213  -0.0055443  -0.1381867  -0.0624503   0.0126894  -0.0706041  -0.1282835  -0.0324703  -0.0533076  -0.0231186  -0.0097110  -0.1374567  -0.0343625  -0.0018405  -0.0514344   0.0012980   0.2554361  -0.0746828  -0.0483268  -0.0189695  -0.0561776   0.5017458   0.2092121  -0.0650297  -0.0256000  -0.0169289   0.2092121   0.3922136   0.1626722  -0.0313542  -0.0079867  -0.0650297   0.1626722   0.3165000   0.1415523  -0.0257100  -0.0256000  -0.0313542   0.1415523   0.2610412   0.1130076  -0.0169289  -0.0079867  -0.0257100   0.1130076   0.2293300  -0.0498565  -0.0153310  -0.0078285  -0.0105962   0.1165431   0.0018724  -0.0305644  -0.0057814   0.0135923  -0.0067652 Columns 11 and 12:  -0.1065677  -0.0572138  -0.0974953  -0.0379573  -0.0825719  -0.0546936  -0.0377368  -0.0874855  -0.0313433  -0.0371339  -0.0498565   0.0018724  -0.0153310  -0.0305644  -0.0078285  -0.0057814  -0.0105962   0.0135923   0.1165431  -0.0067652   0.2164633   0.0974159   0.0974159   0.1840045Clust 9: weight 0.0561598        Mean: 6.95927 -3.17962 1.0525 1.98724 -0.018009 0.04408750.36385 -0.224242 -0.146769 0.515307 -0.243232 0.165271        Variance: Columns 1 through 5:   3.3239e+00   1.5047e+00  -2.1564e-01  -4.1755e-01  -3.8578e-01   1.5047e+00   2.8816e+00   6.7727e-01  -4.3321e-01  -4.5821e-01  -2.1564e-01   6.7727e-01   1.2577e+00   1.2651e-01  -1.1552e-01  -4.1755e-01  -4.3321e-01   1.2651e-01   9.1317e-01   3.2042e-01  -3.8578e-01  -4.5821e-01  -1.1552e-01   3.2042e-01   6.0837e-01   3.2940e-02   2.4064e-01   6.4850e-02  -2.5796e-01   2.5200e-01   6.5451e-02   5.9519e-03  -5.5387e-02   7.7694e-02  -7.0469e-02   4.9889e-02   7.4518e-02   4.4203e-02  -6.2297e-02  -3.8482e-02   1.3653e-01   1.5900e-01  -2.9109e-02  -9.2362e-02  -4.5413e-02  -1.3579e-01  -2.4289e-01  -1.8056e-02   5.8948e-02  -2.0342e-02  -5.4898e-02   5.2151e-02  -2.5930e-02  -4.8097e-02  -1.7466e-03   5.9747e-03  -9.7153e-02  -3.8809e-02  -2.3459e-02  -2.8549e-02 Columns 6 through 10:   3.2940e-02   6.5451e-02   4.9889e-02   1.3653e-01  -1.3579e-01   2.4064e-01   5.9519e-03   7.4518e-02   1.5900e-01  -2.4289e-01   6.4850e-02  -5.5387e-02   4.4203e-02  -2.9109e-02  -1.8056e-02  -2.5796e-01   7.7694e-02  -6.2297e-02  -9.2362e-02   5.8948e-02   2.5200e-01  -7.0469e-02  -3.8482e-02  -4.5413e-02  -2.0342e-02   6.3948e-01   6.8418e-02  -5.5732e-03   2.8908e-02  -1.1147e-01   6.8418e-02   4.7226e-01   9.0531e-02  -7.2723e-02   6.5808e-02  -5.5732e-03   9.0531e-02   3.1105e-01   1.2931e-01  -8.4390e-02   2.8908e-02  -7.2723e-02   1.2931e-01   2.7318e-01   4.4175e-02  -1.1147e-01   6.5808e-02  -8.4390e-02   4.4175e-02   3.2248e-01   1.3431e-02  -1.0768e-01   3.3455e-03   5.4521e-04   2.7863e-02  -4.4273e-02  -2.5835e-02  -2.5535e-02  -2.7760e-03   6.0991e-03 Columns 11 and 12:  -5.4898e-02   5.9747e-03   5.2151e-02  -9.7153e-02  -2.5930e-02  -3.8809e-02  -4.8097e-02  -2.3459e-02  -1.7466e-03  -2.8549e-02   1.3431e-02  -4.4273e-02  -1.0768e-01  -2.5835e-02   3.3455e-03  -2.5535e-02   5.4521e-04  -2.7760e-03   2.7863e-02   6.0991e-03   2.5692e-01   6.6766e-02   6.6766e-02   1.8139e-01Clust 10: weight 0.0516964        Mean: 11.1697 -0.13229 -0.414475 1.51154 -0.0454446 -0.107437 0.549542 0.0403474 -0.089499 0.206486 -0.199828 -0.244258        Variance: Columns 1 through 5:   1.9498e+00  -2.0392e-01  -2.9078e-01   1.5891e-01   1.2269e-02  -2.0392e-01   1.1375e+00   4.8139e-01  -2.2466e-01   2.3514e-02  -2.9078e-01   4.8139e-01   9.7752e-01   4.5393e-01  -1.0954e-01   1.5891e-01  -2.2466e-01   4.5393e-01   8.8414e-01   2.4597e-01   1.2269e-02   2.3514e-02  -1.0954e-01   2.4597e-01   5.2824e-01  -1.2044e-01   1.1688e-01  -8.2575e-02  -2.5589e-01   1.3219e-01   3.0285e-02  -1.2551e-01  -7.4871e-02  -1.1182e-01  -1.6882e-01  -5.9287e-02  -1.3081e-01  -1.1405e-01   2.1447e-02  -1.8159e-02  -1.3438e-01  -5.8243e-02   2.4200e-02   1.1570e-02   2.7439e-02  -6.7086e-04  -1.4332e-01  -2.4879e-02   2.1840e-02  -8.8367e-02  -4.5704e-02  -2.0493e-01  -1.6939e-01  -6.0660e-02  -1.1694e-01  -1.3752e-01  -1.0092e-01  -6.6218e-02  -1.2767e-01  -1.1081e-01 Columns 6 through 10:  -1.2044e-01   3.0285e-02  -5.9287e-02  -1.3438e-01  -6.7086e-04   1.1688e-01  -1.2551e-01  -1.3081e-01  -5.8243e-02  -1.4332e-01  -8.2575e-02  -7.4871e-02  -1.1405e-01   2.4200e-02  -2.4879e-02  -2.5589e-01  -1.1182e-01   2.1447e-02   1.1570e-02   2.1840e-02   1.3219e-01  -1.6882e-01  -1.8159e-02   2.7439e-02  -8.8367e-02   4.2926e-01   1.3036e-01  -9.5234e-02  -9.7247e-03  -5.7727e-02   1.3036e-01   3.8933e-01   1.5333e-01  -8.9156e-02  -8.2713e-04  -9.5234e-02   1.5333e-01   3.3724e-01   1.0167e-01  -3.8609e-02  -9.7247e-03  -8.9156e-02   1.0167e-01   2.5827e-01   7.4427e-02  -5.7727e-02  -8.2713e-04  -3.8609e-02   7.4427e-02   2.3446e-01  -1.2967e-01   5.1771e-02   1.0051e-01  -1.0322e-02   1.4556e-01  -4.2450e-02  -1.9021e-02   7.3368e-02   6.8996e-02   4.4234e-03 Columns 11 and 12:  -4.5704e-02  -1.3752e-01  -2.0493e-01  -1.0092e-01  -1.6939e-01  -6.6218e-02  -6.0660e-02  -1.2767e-01  -1.1694e-01  -1.1081e-01  -1.2967e-01  -4.2450e-02   5.1771e-02  -1.9021e-02   1.0051e-01   7.3368e-02  -1.0322e-02   6.8996e-02   1.4556e-01   4.4234e-03   3.6809e-01   1.8777e-01   1.8777e-01   2.9012e-01Clust 11: weight 0.0428766        Mean: 12.0928 -1.77899 0.181175 1.79397 -0.410669 0.101423 0.523453 -0.323474 0.0394172 0.202645 -0.284235 -0.00715466        Variance: Columns 1 through 5:   3.3985199   0.6403807  -0.3328497  -0.1902005   0.1063431   0.6403807   2.3163798   0.2843552  -0.4107017   0.1537583  -0.3328497   0.2843552   1.2032674   0.4785651  -0.1263529  -0.1902005  -0.4107017   0.4785651   1.0941170   0.1916116   0.1063431   0.1537583  -0.1263529   0.1916116   0.7055570  -0.3421707  -0.1807757   0.0718177  -0.0955558   0.0710084   0.2354953  -0.0717018  -0.1005488  -0.0475708  -0.0714193   0.1744456   0.0399220  -0.1202037  -0.0397157   0.0560183  -0.1586399  -0.2030654   0.1162252   0.0177239  -0.0683836   0.0644509  -0.0403688  -0.0733910   0.0309883  -0.0549209  -0.0461819  -0.1412257  -0.1021417  -0.0323329  -0.0547928  -0.2785707  -0.2206545   0.0417070  -0.0433801  -0.1536090 Columns 6 through 10:  -0.3421707   0.2354953   0.1744456  -0.1586399   0.0644509  -0.1807757  -0.0717018   0.0399220  -0.2030654  -0.0403688   0.0718177  -0.1005488  -0.1202037   0.1162252  -0.0733910  -0.0955558  -0.0475708  -0.0397157   0.0177239   0.0309883   0.0710084  -0.0714193   0.0560183  -0.0683836  -0.0549209   0.6280130   0.1094980  -0.1209935   0.0966351  -0.0871945   0.1094980   0.4654671   0.1650404  -0.1001722   0.0398060  -0.1209935   0.1650404   0.3813368   0.0856253  -0.0222241   0.0966351  -0.1001722   0.0856253   0.3538654   0.0516600  -0.0871945   0.0398060  -0.0222241   0.0516600   0.2800905  -0.0801565  -0.0141309   0.0542631  -0.0081810   0.0980339   0.0721890  -0.0777468  -0.0224343   0.0968294  -0.0301625 Columns 11 and 12:  -0.0461819  -0.2785707  -0.1412257  -0.2206545  -0.1021417   0.0417070  -0.0323329  -0.0433801  -0.0547928  -0.1536090  -0.0801565   0.0721890  -0.0141309  -0.0777468   0.0542631  -0.0224343  -0.0081810   0.0968294   0.0980339  -0.0301625   0.3258485   0.1371401   0.1371401   0.3081117Clust 12: weight 0.0346709        Mean: 8.23081 -4.24559 1.73197 1.38203 0.102608 -0.0238025 0.371453 -0.168169 -0.305562 0.679695 -0.439435 0.251487        Variance: Columns 1 through 5:   7.4966344   1.2054949  -0.5872415   0.2097999  -0.4414743   1.2054949   3.6447439  -0.2720244  -0.1169451  -0.8025185  -0.5872415  -0.2720244   1.7167562  -0.1159102   0.1575771   0.2097999  -0.1169451  -0.1159102   1.1099005   0.1927516  -0.4414743  -0.8025185   0.1575771   0.1927516   0.7625170  -0.1453004   0.2767949   0.0428756  -0.2574917   0.1530628   0.1884355  -0.0846115  -0.1399060   0.1542018  -0.0358988  -0.1488147  -0.0421571   0.1843764  -0.1545920  -0.0084323   0.1605796   0.2814058  -0.1662031   0.0305734  -0.1075514  -0.0393620  -0.4057979   0.1067731   0.0679413   0.0967845  -0.2197314   0.0874514   0.0121021  -0.0686894  -0.0236236   0.0331156  -0.1622542  -0.0139022   0.0401624  -0.0053557 Columns 6 through 10:  -0.1453004   0.1884355  -0.1488147   0.1605796  -0.0393620   0.2767949  -0.0846115  -0.0421571   0.2814058  -0.4057979   0.0428756  -0.1399060   0.1843764  -0.1662031   0.1067731  -0.2574917   0.1542018  -0.1545920   0.0305734   0.0679413   0.1530628  -0.0358988  -0.0084323  -0.1075514   0.0967845   0.7543574  -0.0553412   0.0744395   0.0364308  -0.1912506  -0.0553412   0.6497345  -0.0088075  -0.0951687   0.1738665   0.0744395  -0.0088075   0.3874282   0.1001139  -0.1017062   0.0364308  -0.0951687   0.1001139   0.3187916  -0.0256569  -0.1912506   0.1738665  -0.1017062  -0.0256569   0.4331413   0.1276709  -0.2033234   0.0684618   0.0314104  -0.0599279  -0.1038229   0.0594251  -0.0591399  -0.0155068   0.0662505 Columns 11 and 12:  -0.2197314   0.0331156   0.0874514  -0.1622542   0.0121021  -0.0139022  -0.0686894   0.0401624  -0.0236236  -0.0053557   0.1276709  -0.1038229  -0.2033234   0.0594251   0.0684618  -0.0591399   0.0314104  -0.0155068  -0.0599279   0.0662505   0.3791804   0.0149160   0.0149160   0.2349702