Gaussian mixture distribution with 12 components in 12 dimension(s)Clust 1: weight 0.182953        Mean: 5.22443 -0.939739 1.90693 -0.2508 0.866202 0.277695-0.037138 0.754018 -0.204084 0.571265 -0.0244706 0.151849        Variance: Columns 1 through 5:   1.2056e+00  -4.0228e-02  -1.5627e-01  -2.9964e-01  -2.1702e-01  -4.0228e-02   6.4843e-01   1.0733e-02   1.6236e-01  -7.1227e-02  -1.5627e-01   1.0733e-02   6.5289e-01   1.6739e-01   1.5234e-01  -2.9964e-01   1.6236e-01   1.6739e-01   5.0836e-01   1.8796e-01  -2.1702e-01  -7.1227e-02   1.5234e-01   1.8796e-01   4.5500e-01  -1.2155e-01  -4.1643e-03  -2.4903e-03   6.0525e-02   1.8400e-01  -8.8622e-02   3.7617e-02  -2.0272e-02   8.2032e-02   4.4795e-02  -3.4096e-02  -5.8295e-02   3.2148e-02   2.2533e-02   8.9763e-02  -1.8513e-04   7.6653e-02  -8.6599e-02   2.6711e-02  -4.5855e-02   6.3448e-02  -2.4613e-02   4.8711e-02  -2.4871e-02  -8.1605e-03   1.5755e-02   2.6336e-02  -4.5003e-02   4.1192e-02  -1.2688e-02   4.7201e-02   1.0696e-03  -6.6683e-03  -3.2585e-02  -2.0696e-02 Columns 6 through 10:  -1.2155e-01  -8.8622e-02  -3.4096e-02  -1.8513e-04   6.3448e-02  -4.1643e-03   3.7617e-02  -5.8295e-02   7.6653e-02  -2.4613e-02  -2.4903e-03  -2.0272e-02   3.2148e-02  -8.6599e-02   4.8711e-02   6.0525e-02   8.2032e-02   2.2533e-02   2.6711e-02  -2.4871e-02   1.8400e-01   4.4795e-02   8.9763e-02  -4.5855e-02  -8.1605e-03   3.9327e-01   1.5264e-01   5.0133e-02   5.2082e-02  -7.0477e-02   1.5264e-01   2.9289e-01   1.1550e-01   2.8527e-02  -8.8940e-03   5.0133e-02   1.1550e-01   2.3865e-01   8.3714e-02  -1.8382e-02   5.2082e-02   2.8527e-02   8.3714e-02   2.2356e-01   5.1778e-02  -7.0477e-02  -8.8940e-03  -1.8382e-02   5.1778e-02   2.0887e-01   2.5694e-02  -2.7329e-02  -1.4810e-02  -2.3717e-04   5.0450e-02  -2.6048e-02   1.4265e-02  -1.5080e-02  -6.5674e-03  -7.3451e-03 Columns 11 and 12:   1.5755e-02   4.7201e-02   2.6336e-02   1.0696e-03  -4.5003e-02  -6.6683e-03   4.1192e-02  -3.2585e-02  -1.2688e-02  -2.0696e-02   2.5694e-02  -2.6048e-02  -2.7329e-02   1.4265e-02  -1.4810e-02  -1.5080e-02  -2.3717e-04  -6.5674e-03   5.0450e-02  -7.3451e-03   1.9429e-01   3.9760e-02   3.9760e-02   1.6645e-01Clust 2: weight 0.126327        Mean: 5.38676 1.14518 1.58676 1.2547 0.623 0.65168 0.323535 0.206516 0.272544 0.680519 0.247644 -0.0964661        Variance: Columns 1 through 5:   1.4223e+00   4.3283e-01   7.1504e-02  -1.6852e-01  -1.8000e-01   4.3283e-01   1.0283e+00   4.7331e-01  -6.2835e-02  -1.1213e-01   7.1504e-02   4.7331e-01   6.6739e-01   1.9916e-01  -1.3049e-01  -1.6852e-01  -6.2835e-02   1.9916e-01   4.3994e-01   2.0243e-01  -1.8000e-01  -1.1213e-01  -1.3049e-01   2.0243e-01   5.0760e-01  -1.0944e-01  -6.7966e-02  -1.6027e-02  -9.5079e-03   1.9679e-01  -2.3890e-01  -9.2348e-02   6.2542e-02   6.7058e-02  -3.6959e-02  -2.8962e-01  -1.6982e-01  -6.4149e-02   4.3989e-02   8.2481e-02  -1.3601e-01  -1.8436e-01  -1.1626e-01  -3.8582e-02   2.2462e-02   3.8701e-04  -1.2709e-01  -4.9313e-02  -1.9544e-02  -5.5654e-02  -5.2261e-03  -3.5086e-02  -5.9671e-02  -1.5381e-02  -4.3924e-03  -2.3482e-02   3.6597e-02  -1.5475e-02  -5.8012e-02  -4.0440e-02 Columns 6 through 10:  -1.0944e-01  -2.3890e-01  -2.8962e-01  -1.3601e-01   3.8701e-04  -6.7966e-02  -9.2348e-02  -1.6982e-01  -1.8436e-01  -1.2709e-01  -1.6027e-02   6.2542e-02  -6.4149e-02  -1.1626e-01  -4.9313e-02  -9.5079e-03   6.7058e-02   4.3989e-02  -3.8582e-02  -1.9544e-02   1.9679e-01  -3.6959e-02   8.2481e-02   2.2462e-02  -5.5654e-02   3.7691e-01   2.0428e-01   7.0979e-02   6.5102e-02  -2.2552e-02   2.0428e-01   4.2179e-01   2.5151e-01   6.0464e-02  -4.6939e-02   7.0979e-02   2.5151e-01   4.1075e-01   2.0606e-01  -6.1925e-02   6.5102e-02   6.0464e-02   2.0606e-01   3.4051e-01   1.4808e-01  -2.2552e-02  -4.6939e-02  -6.1925e-02   1.4808e-01   2.8611e-01  -4.0629e-02  -5.8633e-02  -6.7803e-02  -5.3990e-02   9.6189e-02  -2.1663e-02  -6.6546e-03   4.6022e-03  -2.7256e-02  -5.1180e-02 Columns 11 and 12:  -5.2261e-03  -2.3482e-02  -3.5086e-02   3.6597e-02  -5.9671e-02  -1.5475e-02  -1.5381e-02  -5.8012e-02  -4.3924e-03  -4.0440e-02  -4.0629e-02  -2.1663e-02  -5.8633e-02  -6.6546e-03  -6.7803e-02   4.6022e-03  -5.3990e-02  -2.7256e-02   9.6189e-02  -5.1180e-02   2.0363e-01   6.2564e-02   6.2564e-02   1.6068e-01Clust 3: weight 0.106423        Mean: 5.2217 -1.8059 2.78883 -0.665925 1.21891 0.167277 -0.179897 0.873544 -0.480722 0.674323 -0.272471 0.199895        Variance: Columns 1 through 5:   8.2485e-01   1.6158e-01   1.7597e-01  -2.8593e-02  -4.4262e-02   1.6158e-01   5.0361e-01   1.0684e-01   8.0459e-02  -4.2234e-03   1.7597e-01   1.0684e-01   3.2768e-01   1.3326e-01   6.6759e-02  -2.8593e-02   8.0459e-02   1.3326e-01   3.7410e-01   1.4305e-01  -4.4262e-02  -4.2234e-03   6.6759e-02   1.4305e-01   3.8158e-01   3.4893e-02   2.6834e-03   3.0368e-02   4.3176e-02   1.2833e-01  -1.6524e-02   2.7473e-02   4.2680e-02   4.6267e-02   3.8118e-02   1.5864e-02  -2.5628e-02   4.2545e-02   4.6463e-02   7.7219e-02   3.6309e-02   4.2586e-02  -7.3265e-03   2.3289e-03  -3.8469e-04   7.8743e-02   1.3199e-02   4.9360e-02  -2.5053e-03  -3.0050e-04   3.6902e-02   1.9859e-03   1.7589e-02   3.8536e-02   1.1270e-02   4.2941e-02   1.8266e-02   9.0954e-03  -2.6016e-02  -3.8839e-03 Columns 6 through 10:   3.4893e-02  -1.6524e-02   1.5864e-02   3.6309e-02   7.8743e-02   2.6834e-03   2.7473e-02  -2.5628e-02   4.2586e-02   1.3199e-02   3.0368e-02   4.2680e-02   4.2545e-02  -7.3265e-03   4.9360e-02   4.3176e-02   4.6267e-02   4.6463e-02   2.3289e-03  -2.5053e-03   1.2833e-01   3.8118e-02   7.7219e-02  -3.8469e-04  -3.0050e-04   3.3743e-01   9.1055e-02   6.0984e-02   4.8634e-02  -3.5877e-02   9.1055e-02   2.7072e-01   9.0046e-02   2.9961e-02  -1.1086e-03   6.0984e-02   9.0046e-02   2.3468e-01   8.1212e-02  -6.0984e-03   4.8634e-02   2.9961e-02   8.1212e-02   2.0245e-01   6.0998e-02  -3.5877e-02  -1.1086e-03  -6.0984e-03   6.0998e-02   2.0422e-01   3.3935e-02  -2.4285e-02  -9.0653e-03  -4.5808e-03   6.0320e-02  -1.6229e-02   4.2653e-02  -3.5596e-03   8.3991e-03   1.0735e-02 Columns 11 and 12:   3.6902e-02   4.2941e-02   1.9859e-03   1.8266e-02   1.7589e-02   9.0954e-03   3.8536e-02  -2.6016e-02   1.1270e-02  -3.8839e-03   3.3935e-02  -1.6229e-02  -2.4285e-02   4.2653e-02  -9.0653e-03  -3.5596e-03  -4.5808e-03   8.3991e-03   6.0320e-02   1.0735e-02   1.8910e-01   3.1204e-02   3.1204e-02   1.6748e-01Clust 4: weight 0.106175        Mean: 4.7122 1.03108 2.16411 1.09556 1.05339 0.686931 0.313679 0.568569 0.0810555 0.525087 0.177821 0.00724942        Variance: Columns 1 through 5:   1.0997e+00   2.2984e-01   2.0786e-01  -8.1962e-02  -1.7472e-01   2.2984e-01   7.8192e-01   1.8738e-01   2.6225e-01   2.1199e-02   2.0786e-01   1.8738e-01   4.5212e-01   2.0506e-01   5.9568e-02  -8.1962e-02   2.6225e-01   2.0506e-01   4.2367e-01   2.1995e-01  -1.7472e-01   2.1199e-02   5.9568e-02   2.1995e-01   3.9615e-01  -2.0773e-01   2.2036e-02   3.5232e-02   1.0778e-01   2.3139e-01  -2.1965e-01   5.5864e-02   1.7846e-02   1.1116e-01   7.9729e-02  -2.0907e-01  -1.0170e-01  -4.0558e-03   1.9190e-02   1.0107e-01  -1.5046e-01  -3.7198e-05  -6.2085e-02   9.7670e-04   6.6455e-03   1.9090e-02  -4.6218e-02  -2.1649e-02  -5.0555e-02  -5.4162e-02  -4.4642e-02  -3.1194e-02  -4.5530e-02  -2.1499e-02  -1.0968e-02  -4.7380e-02  -5.5530e-02  -4.7203e-02  -5.2808e-02  -3.9050e-02 Columns 6 through 10:  -2.0773e-01  -2.1965e-01  -2.0907e-01  -1.5046e-01   1.9090e-02   2.2036e-02   5.5864e-02  -1.0170e-01  -3.7198e-05  -4.6218e-02   3.5232e-02   1.7846e-02  -4.0558e-03  -6.2085e-02  -2.1649e-02   1.0778e-01   1.1116e-01   1.9190e-02   9.7670e-04  -5.0555e-02   2.3139e-01   7.9729e-02   1.0107e-01   6.6455e-03  -5.4162e-02   3.6250e-01   1.9295e-01   8.7132e-02   6.7512e-02  -5.3884e-02   1.9295e-01   2.8479e-01   1.5110e-01   6.9270e-02  -1.5113e-02   8.7132e-02   1.5110e-01   2.7001e-01   1.3265e-01  -9.8162e-03   6.7512e-02   6.9270e-02   1.3265e-01   2.1947e-01   7.9334e-02  -5.3884e-02  -1.5113e-02  -9.8162e-03   7.9334e-02   1.8937e-01  -1.7978e-03  -2.3287e-02  -6.8793e-03   6.9830e-03   6.9283e-02  -1.9763e-02  -6.2149e-04   1.9099e-03   4.7988e-03  -8.3579e-03 Columns 11 and 12:  -4.4642e-02  -4.7380e-02  -3.1194e-02  -5.5530e-02  -4.5530e-02  -4.7203e-02  -2.1499e-02  -5.2808e-02  -1.0968e-02  -3.9050e-02  -1.7978e-03  -1.9763e-02  -2.3287e-02  -6.2149e-04  -6.8793e-03   1.9099e-03   6.9830e-03   4.7988e-03   6.9283e-02  -8.3579e-03   1.4946e-01   4.9020e-02   4.9020e-02   1.2792e-01Clust 5: weight 0.0993595        Mean: 6.89441 0.278626 2.45254 0.828189 0.792007 0.6269680.116861 0.288244 0.0332981 0.902601 0.126974 -0.131909        Variance: Columns 1 through 5:   1.7375407   0.0536667   0.1112382  -0.2602379  -0.1588543   0.0536667   1.0617172   0.2939141   0.0839197  -0.1153835   0.1112382   0.2939141   0.9400224   0.1868240  -0.0161753  -0.2602379   0.0839197   0.1868240   0.5472252   0.1613023  -0.1588543  -0.1153835  -0.0161753   0.1613023   0.6667278  -0.0313972  -0.0290903   0.0313622  -0.0189481   0.1583352  -0.1981354   0.0452576   0.1434650   0.1216568  -0.0928600  -0.1942845  -0.1329056   0.0605066   0.0302937   0.1316678  -0.1429622  -0.1284897  -0.1835263  -0.0547724  -0.0600880   0.0151146  -0.1451810  -0.0422384  -0.0549275  -0.0626490   0.0246672   0.0066421  -0.0747129   0.0053490  -0.0152274  -0.0071572   0.0555084   0.0089228  -0.0579108  -0.0353248 Columns 6 through 10:  -0.0313972  -0.1981354  -0.1942845  -0.1429622   0.0151146  -0.0290903   0.0452576  -0.1329056  -0.1284897  -0.1451810   0.0313622   0.1434650   0.0605066  -0.1835263  -0.0422384  -0.0189481   0.1216568   0.0302937  -0.0547724  -0.0549275   0.1583352  -0.0928600   0.1316678  -0.0600880  -0.0626490   0.4616821   0.1889637   0.0325903   0.0764378  -0.0620930   0.1889637   0.4760815   0.2176235   0.0421360  -0.0582339   0.0325903   0.2176235   0.4673563   0.1865033  -0.0745512   0.0764378   0.0421360   0.1865033   0.4153086   0.1220961  -0.0620930  -0.0582339  -0.0745512   0.1220961   0.3034511  -0.0302949  -0.0895500  -0.0985370  -0.0810983   0.0712662  -0.0232587   0.0072513  -0.0076310  -0.0294792  -0.0550961 Columns 11 and 12:   0.0246672  -0.0071572   0.0066421   0.0555084  -0.0747129   0.0089228   0.0053490  -0.0579108  -0.0152274  -0.0353248  -0.0302949  -0.0232587  -0.0895500   0.0072513  -0.0985370  -0.0076310  -0.0810983  -0.0294792   0.0712662  -0.0550961   0.2473783   0.0389844   0.0389844   0.1842149Clust 6: weight 0.0843153        Mean: 6.89448 -1.65386 2.73803 -0.382944 0.957993 0.352356 -0.123228 0.737628 -0.339308 0.804368 -0.0459948 0.0717577        Variance: Columns 1 through 5:   3.3141e+00   1.9605e-01   7.6982e-01  -3.7485e-02   8.1137e-02   1.9605e-01   1.1749e+00   5.4327e-01   2.5492e-01   3.1950e-02   7.6982e-01   5.4327e-01   1.1963e+00   4.6075e-01   1.7684e-01  -3.7485e-02   2.5492e-01   4.6075e-01   7.3910e-01   2.2125e-01   8.1137e-02   3.1950e-02   1.7684e-01   2.2125e-01   6.4077e-01  -2.3714e-02  -2.9121e-02   9.8276e-02   1.0900e-01   1.5930e-01  -1.3911e-02   3.7241e-02   1.2212e-01   8.7412e-02   6.2066e-02  -1.7920e-01  -1.2956e-01  -5.5848e-02  -4.2411e-03   7.9464e-02  -8.1226e-02  -4.7051e-02  -6.8993e-02  -4.8791e-04  -5.3899e-02   3.5149e-01   1.0118e-02   1.8035e-01  -1.7866e-03   4.8608e-02  -7.3593e-02  -2.3078e-02  -5.1697e-02   3.3988e-02  -4.9340e-02   4.8907e-03  -1.9831e-04  -5.8299e-02  -1.0020e-01  -7.2860e-03 Columns 6 through 10:  -2.3714e-02  -1.3911e-02  -1.7920e-01  -8.1226e-02   3.5149e-01  -2.9121e-02   3.7241e-02  -1.2956e-01  -4.7051e-02   1.0118e-02   9.8276e-02   1.2212e-01  -5.5848e-02  -6.8993e-02   1.8035e-01   1.0900e-01   8.7412e-02  -4.2411e-03  -4.8791e-04  -1.7866e-03   1.5930e-01   6.2066e-02   7.9464e-02  -5.3899e-02   4.8608e-02   5.4040e-01   1.4833e-01   5.7671e-02   7.8956e-02  -9.3627e-02   1.4833e-01   4.2355e-01   1.3913e-01   2.8677e-02   2.4029e-02   5.7671e-02   1.3913e-01   3.6716e-01   1.3124e-01  -5.9486e-02   7.8956e-02   2.8677e-02   1.3124e-01   3.2238e-01   8.9314e-02  -9.3627e-02   2.4029e-02  -5.9486e-02   8.9314e-02   3.8450e-01   2.1965e-02  -8.7303e-02  -2.0136e-02  -2.2101e-02   2.2893e-02  -6.9196e-02   3.6987e-02  -1.0495e-02  -3.2171e-02  -1.3029e-02 Columns 11 and 12:  -7.3593e-02   4.8907e-03  -2.3078e-02  -1.9831e-04  -5.1697e-02  -5.8299e-02   3.3988e-02  -1.0020e-01  -4.9340e-02  -7.2860e-03   2.1965e-02  -6.9196e-02  -8.7303e-02   3.6987e-02  -2.0136e-02  -1.0495e-02  -2.2101e-02  -3.2171e-02   2.2893e-02  -1.3029e-02   2.4675e-01   2.0507e-02   2.0507e-02   2.2307e-01Clust 7: weight 0.0785228        Mean: 4.62091 2.03876 1.55259 1.32169 0.729655 0.705495 0.433949 0.23446 0.312572 0.53828 0.200759 -0.0677826        Variance: Columns 1 through 5:   8.5851e-01   3.3983e-01   1.3467e-02  -1.1828e-01  -1.5717e-01   3.3983e-01   4.8319e-01   2.7030e-01   4.8666e-03  -8.3066e-02   1.3467e-02   2.7030e-01   4.3215e-01   1.9332e-01  -4.2189e-02  -1.1828e-01   4.8666e-03   1.9332e-01   2.7622e-01   1.8435e-01  -1.5717e-01  -8.3066e-02  -4.2189e-02   1.8435e-01   3.6539e-01  -1.6029e-01  -6.5258e-02   1.4650e-02   8.2141e-02   2.0852e-01  -1.8833e-01  -5.3480e-02   7.6483e-02   6.5443e-02   5.1647e-02  -1.8890e-01  -8.1611e-02  -1.3572e-02   3.4781e-02   7.5113e-02  -9.8546e-02  -1.0369e-01  -6.7882e-02  -1.9754e-02   2.7729e-02  -1.7566e-02  -9.7030e-02  -5.4450e-02  -3.2326e-02  -4.1679e-02  -1.4527e-02  -5.4631e-02  -6.0270e-02  -3.7212e-02  -2.0844e-02  -2.3324e-02  -5.1499e-04  -1.5778e-02  -4.1761e-02  -3.6087e-02 Columns 6 through 10:  -1.6029e-01  -1.8833e-01  -1.8890e-01  -9.8546e-02  -1.7566e-02  -6.5258e-02  -5.3480e-02  -8.1611e-02  -1.0369e-01  -9.7030e-02   1.4650e-02   7.6483e-02  -1.3572e-02  -6.7882e-02  -5.4450e-02   8.2141e-02   6.5443e-02   3.4781e-02  -1.9754e-02  -3.2326e-02   2.0852e-01   5.1647e-02   7.5113e-02   2.7729e-02  -4.1679e-02   2.8469e-01   2.1179e-01   1.2082e-01   5.3439e-02  -1.9308e-02   2.1179e-01   3.2645e-01   2.3179e-01   8.0668e-02  -2.2435e-02   1.2082e-01   2.3179e-01   3.0599e-01   1.8229e-01  -2.6033e-03   5.3439e-02   8.0668e-02   1.8229e-01   2.3657e-01   1.1985e-01  -1.9308e-02  -2.2435e-02  -2.6033e-03   1.1985e-01   1.8602e-01  -3.5346e-02  -4.9502e-02  -3.8967e-02   2.9295e-03   9.1091e-02  -2.6195e-02  -2.0165e-02  -4.2587e-03  -3.3351e-03   4.3016e-03 Columns 11 and 12:  -1.4527e-02  -2.3324e-02  -5.4631e-02  -5.1499e-04  -6.0270e-02  -1.5778e-02  -3.7212e-02  -4.1761e-02  -2.0844e-02  -3.6087e-02  -3.5346e-02  -2.6195e-02  -4.9502e-02  -2.0165e-02  -3.8967e-02  -4.2587e-03   2.9295e-03  -3.3351e-03   9.1091e-02   4.3016e-03   1.3572e-01   6.7367e-02   6.7367e-02   1.1093e-01Clust 8: weight 0.0741881        Mean: 5.58597 -2.69356 0.94506 0.405238 0.568007 0.4241660.163585 0.53596 -0.13552 0.533293 0.0712118 0.0319502        Variance: Columns 1 through 5:   1.4062e+00   2.2597e-01  -7.8716e-03  -2.7366e-01  -2.2689e-01   2.2597e-01   4.3577e+00   1.0527e+00  -3.9726e-02  -4.3962e-01  -7.8716e-03   1.0527e+00   1.3184e+00   1.5651e-01  -1.4666e-01  -2.7366e-01  -3.9726e-02   1.5651e-01   9.1837e-01   4.4668e-01  -2.2689e-01  -4.3962e-01  -1.4666e-01   4.4668e-01   8.2118e-01  -8.0506e-02  -1.3774e-01  -5.5421e-02   8.2444e-02   2.8895e-01  -5.9551e-02  -7.8915e-03  -9.9924e-02   1.2857e-01   7.3202e-02  -3.0225e-02  -1.8634e-01  -4.5560e-02   6.3208e-02   1.6460e-01  -3.8979e-02   1.4581e-02  -8.5195e-02   1.0286e-01   2.0738e-02  -2.0641e-02  -2.2093e-01   2.7361e-02   6.6476e-02   5.5937e-02  -1.7007e-02   2.5180e-02  -2.3401e-02   8.7082e-02   4.9643e-02   2.7334e-02  -3.2724e-02  -7.2032e-02  -2.5258e-03   7.8461e-03 Columns 6 through 10:  -8.0506e-02  -5.9551e-02  -3.0225e-02  -3.8979e-02  -2.0641e-02  -1.3774e-01  -7.8915e-03  -1.8634e-01   1.4581e-02  -2.2093e-01  -5.5421e-02  -9.9924e-02  -4.5560e-02  -8.5195e-02   2.7361e-02   8.2444e-02   1.2857e-01   6.3208e-02   1.0286e-01   6.6476e-02   2.8895e-01   7.3202e-02   1.6460e-01   2.0738e-02   5.5937e-02   5.4736e-01   2.4397e-01   5.5058e-02   9.8755e-02  -1.7683e-02   2.4397e-01   4.3639e-01   1.8833e-01   5.8457e-02   1.4109e-04   5.5058e-02   1.8833e-01   3.7978e-01   1.4502e-01  -1.8284e-02   9.8755e-02   5.8457e-02   1.4502e-01   3.5389e-01   1.3004e-01  -1.7683e-02   1.4109e-04  -1.8284e-02   1.3004e-01   3.0717e-01   1.9862e-02  -1.4300e-02   4.5861e-04  -2.5966e-03   7.0517e-02  -1.3719e-04   4.1850e-02   1.3445e-02   4.9566e-03  -1.3962e-02 Columns 11 and 12:  -1.7007e-02   2.7334e-02   2.5180e-02  -3.2724e-02  -2.3401e-02  -7.2032e-02   8.7082e-02  -2.5258e-03   4.9643e-02   7.8461e-03   1.9862e-02  -1.3719e-04  -1.4300e-02   4.1850e-02   4.5861e-04   1.3445e-02  -2.5966e-03   4.9566e-03   7.0517e-02  -1.3962e-02   2.2163e-01   6.8779e-02   6.8779e-02   1.9242e-01Clust 9: weight 0.0455679        Mean: 6.08132 -5.66066 1.46059 -0.146789 0.965125 0.271059 -0.0139682 0.646386 -0.39509 0.760975 -0.101956 0.114602        Variance: Columns 1 through 5:   1.8630e+00   5.0746e-01   1.3830e-02  -3.7343e-01   1.6802e-01   5.0746e-01   3.4075e+00   9.0932e-01  -7.1209e-01  -3.5221e-01   1.3830e-02   9.0932e-01   1.5160e+00  -3.4885e-01  -3.2110e-01  -3.7343e-01  -7.1209e-01  -3.4885e-01   1.1967e+00   4.3008e-01   1.6802e-01  -3.5221e-01  -3.2110e-01   4.3008e-01   8.0255e-01   7.2581e-02  -1.3695e-01  -2.0877e-01   6.2495e-02   1.8956e-01   8.4870e-02   3.4395e-03  -1.5481e-01   9.0539e-02   8.6394e-02   8.9222e-02   1.5352e-01   9.9915e-02  -6.8561e-02   8.8785e-02  -6.4235e-02  -1.0384e-01  -1.2025e-01   1.2033e-01   1.8006e-02   1.4862e-01   1.6548e-01   1.4847e-01  -2.3080e-02   3.9570e-02  -3.8900e-02  -1.2658e-01  -8.3091e-02   1.1278e-01   4.4460e-02   8.1840e-02   8.8882e-02  -7.8530e-03  -7.0122e-02   5.9597e-03 Columns 6 through 10:   7.2581e-02   8.4870e-02   8.9222e-02  -6.4235e-02   1.4862e-01  -1.3695e-01   3.4395e-03   1.5352e-01  -1.0384e-01   1.6548e-01  -2.0877e-01  -1.5481e-01   9.9915e-02  -1.2025e-01   1.4847e-01   6.2495e-02   9.0539e-02  -6.8561e-02   1.2033e-01  -2.3080e-02   1.8956e-01   8.6394e-02   8.8785e-02   1.8006e-02   3.9570e-02   4.5889e-01   1.6757e-01  -2.7537e-03   5.0432e-02  -4.3386e-02   1.6757e-01   3.7551e-01   1.0278e-01   2.7435e-02  -1.2154e-02  -2.7537e-03   1.0278e-01   3.3703e-01   8.2710e-02  -3.1164e-03   5.0432e-02   2.7435e-02   8.2710e-02   2.8047e-01   6.6769e-02  -4.3386e-02  -1.2154e-02  -3.1164e-03   6.6769e-02   2.6544e-01   4.1409e-02  -2.1993e-02  -2.9813e-02  -2.0239e-03   3.7943e-02  -1.3557e-02   4.3462e-02   5.8489e-03  -8.2141e-03   5.4155e-04 Columns 11 and 12:  -3.8900e-02   8.1840e-02  -1.2658e-01   8.8882e-02  -8.3091e-02  -7.8530e-03   1.1278e-01  -7.0122e-02   4.4460e-02   5.9597e-03   4.1409e-02  -1.3557e-02  -2.1993e-02   4.3462e-02  -2.9813e-02   5.8489e-03  -2.0239e-03  -8.2141e-03   3.7943e-02   5.4155e-04   2.1708e-01   3.0565e-02   3.0565e-02   1.9350e-01Clust 10: weight 0.0421454        Mean: 3.95003 -6.04599 -0.864558 1.45628 0.949824 0.621759 0.186127 0.278061 0.011254 0.420935 0.149187 0.0287171        Variance: Columns 1 through 5:   1.3382e+00   3.3886e-01   6.4757e-02  -4.3479e-01  -6.1656e-03   3.3886e-01   1.3118e+00   2.6915e-02  -2.1197e-02   7.9214e-02   6.4757e-02   2.6915e-02   9.9002e-01   4.1053e-01   4.2027e-02  -4.3479e-01  -2.1197e-02   4.1053e-01   7.4864e-01   2.9696e-01  -6.1656e-03   7.9214e-02   4.2027e-02   2.9696e-01   4.7451e-01   1.8765e-01   9.1773e-02  -1.1648e-01  -9.9297e-02   1.5990e-01   1.3550e-01   2.2648e-01  -9.7697e-02  -9.0165e-02  -2.0117e-02   1.0198e-01   8.2305e-02   8.5541e-02  -7.7933e-03   3.1605e-02  -6.3698e-02   8.5276e-02   2.9476e-02   6.1500e-02   6.9758e-03   3.0508e-02   6.9037e-02   1.2889e-01   6.9663e-02   4.5660e-02  -2.6519e-04   3.1735e-02   1.3405e-02   5.7791e-02   5.0832e-02   6.4019e-02   5.7133e-02  -7.0240e-02  -4.7668e-02  -2.7312e-02 Columns 6 through 10:   1.8765e-01   1.3550e-01   1.0198e-01  -6.3698e-02   3.0508e-02   9.1773e-02   2.2648e-01   8.2305e-02   8.5276e-02   6.9037e-02  -1.1648e-01  -9.7697e-02   8.5541e-02   2.9476e-02   1.2889e-01  -9.9297e-02  -9.0165e-02  -7.7933e-03   6.1500e-02   6.9663e-02   1.5990e-01  -2.0117e-02   3.1605e-02   6.9758e-03   4.5660e-02   3.7897e-01   2.0070e-01   5.4226e-03   2.4291e-03  -1.6772e-02   2.0070e-01   3.4562e-01   1.3745e-01   1.0204e-03  -3.4560e-02   5.4226e-03   1.3745e-01   2.9433e-01   1.2655e-01  -2.0553e-02   2.4291e-03   1.0204e-03   1.2655e-01   2.6263e-01   9.0891e-02  -1.6772e-02  -3.4560e-02  -2.0553e-02   9.0891e-02   2.2165e-01   2.6026e-02  -8.8967e-03  -2.9244e-02  -2.8543e-02   8.3585e-02   3.2694e-02   4.7054e-02  -5.3902e-03   1.6760e-03  -2.7145e-02 Columns 11 and 12:  -2.6519e-04   6.4019e-02   3.1735e-02   5.7133e-02   1.3405e-02  -7.0240e-02   5.7791e-02  -4.7668e-02   5.0832e-02  -2.7312e-02   2.6026e-02   3.2694e-02  -8.8967e-03   4.7054e-02  -2.9244e-02  -5.3902e-03  -2.8543e-02   1.6760e-03   8.3585e-02  -2.7145e-02   1.9353e-01   5.7219e-02   5.7219e-02   1.7823e-01Clust 11: weight 0.0347153        Mean: 3.68238 2.42835 1.76583 1.51299 1.0208 0.861409 0.615167 0.470654 0.321929 0.322954 0.126336 -0.0439849        Variance: Columns 1 through 5:   0.4435584   0.2594319   0.0974771  -0.0334752  -0.1322274   0.2594319   0.2215224   0.1251228   0.0284282  -0.0376032   0.0974771   0.1251228   0.1461728   0.1038403   0.0480392  -0.0334752   0.0284282   0.1038403   0.1450295   0.1397248  -0.1322274  -0.0376032   0.0480392   0.1397248   0.2069495  -0.1585745  -0.0633184   0.0297267   0.1093084   0.1817062  -0.1544026  -0.0706513   0.0199236   0.0830217   0.1328311  -0.1422707  -0.0748226  -0.0077107   0.0500268   0.1026880  -0.0906451  -0.0649753  -0.0308923   0.0045102   0.0445893  -0.0397980  -0.0522047  -0.0358692  -0.0222949  -0.0065844  -0.0227083  -0.0378548  -0.0336322  -0.0264651  -0.0162819  -0.0108795  -0.0169816  -0.0202278  -0.0234324  -0.0201629 Columns 6 through 10:  -0.1585745  -0.1544026  -0.1422707  -0.0906451  -0.0397980  -0.0633184  -0.0706513  -0.0748226  -0.0649753  -0.0522047   0.0297267   0.0199236  -0.0077107  -0.0308923  -0.0358692   0.1093084   0.0830217   0.0500268   0.0045102  -0.0222949   0.1817062   0.1328311   0.1026880   0.0445893  -0.0065844   0.2018634   0.1725863   0.1298087   0.0703723   0.0159451   0.1725863   0.1867277   0.1566990   0.0914858   0.0343523   0.1298087   0.1566990   0.1711540   0.1221919   0.0548545   0.0703723   0.0914858   0.1221919   0.1239455   0.0838041   0.0159451   0.0343523   0.0548545   0.0838041   0.0954040  -0.0061468   0.0064707   0.0242998   0.0435427   0.0671519  -0.0154287  -0.0070432   0.0080973   0.0191693   0.0294065 Columns 11 and 12:  -0.0227083  -0.0108795  -0.0378548  -0.0169816  -0.0336322  -0.0202278  -0.0264651  -0.0234324  -0.0162819  -0.0201629  -0.0061468  -0.0154287   0.0064707  -0.0070432   0.0242998   0.0080973   0.0435427   0.0191693   0.0671519   0.0294065   0.0742538   0.0486691   0.0486691   0.0586170Clust 12: weight 0.0193085        Mean: 2.95445 1.70806 1.6433 1.40691 1.14469 0.917721 0.643895 0.60767 0.321162 0.33645 0.170239 -0.00180472        Variance: Columns 1 through 5:   1.8083606   1.0436458   0.9576275   0.7806972   0.5868698   1.0436458   0.6985425   0.5947135   0.4717710   0.3526938   0.9576275   0.5947135   0.5920656   0.4766004   0.3458295   0.7806972   0.4717710   0.4766004   0.4377824   0.3327158   0.5868698   0.3526938   0.3458295   0.3327158   0.3223442   0.4405118   0.2716958   0.2691080   0.2441269   0.2470313   0.2912620   0.1871325   0.1926554   0.1836783   0.1533319   0.2623792   0.1513534   0.1660789   0.1598814   0.1454259   0.1178042   0.0627496   0.0660674   0.0688702   0.0752356   0.1390322   0.0603586   0.0653215   0.0669313   0.0659635   0.0505839   0.0044164   0.0127378   0.0186922   0.0261394  -0.0250158  -0.0266666  -0.0239823  -0.0208292  -0.0189077 Columns 6 through 10:   0.4405118   0.2912620   0.2623792   0.1178042   0.1390322   0.2716958   0.1871325   0.1513534   0.0627496   0.0603586   0.2691080   0.1926554   0.1660789   0.0660674   0.0653215   0.2441269   0.1836783   0.1598814   0.0688702   0.0669313   0.2470313   0.1533319   0.1454259   0.0752356   0.0659635   0.2414291   0.1537487   0.1215478   0.0770628   0.0590354   0.1537487   0.1513293   0.1170618   0.0578711   0.0475816   0.1215478   0.1170618   0.1354208   0.0769326   0.0483862   0.0770628   0.0578711   0.0769326   0.0836472   0.0578636   0.0590354   0.0475816   0.0483862   0.0578636   0.0847642   0.0287214   0.0175576   0.0231634   0.0227150   0.0463557  -0.0098793  -0.0015750   0.0020200   0.0047025   0.0047239 Columns 11 and 12:   0.0505839  -0.0250158   0.0044164  -0.0266666   0.0127378  -0.0239823   0.0186922  -0.0208292   0.0261394  -0.0189077   0.0287214  -0.0098793   0.0175576  -0.0015750   0.0231634   0.0020200   0.0227150   0.0047025   0.0463557   0.0047239   0.0624090   0.0257199   0.0257199   0.0441059