Gaussian mixture distribution with 10 components in 12 dimension(s)Clust 1: weight 0.165946        Mean: 6.67441 1.57375 1.57284 1.23453 0.0943442 0.472738 0.320129 0.118136 0.139348 0.160347 0.131507 0.0494792        Variance: Columns 1 through 5:   3.8771165   0.5555623  -0.4067599  -0.5093164  -0.5964189   0.5555623   2.3061675   0.9516275   0.1431884   0.2532728  -0.4067599   0.9516275   1.2073823   0.6404163   0.2226204  -0.5093164   0.1431884   0.6404163   0.7250597   0.3816080  -0.5964189   0.2532728   0.2226204   0.3816080   0.5870205  -0.2532659   0.0348440   0.1080224   0.0877678   0.2903377  -0.1438285   0.1199643   0.1154051   0.1077490   0.1095686  -0.3358776   0.0472765   0.0878477   0.1257511   0.1375379  -0.3300475  -0.1420560   0.0202948   0.0430258   0.0659111  -0.1320516  -0.0584151  -0.0356125  -0.0131233   0.0020667   0.0864760  -0.0925422  -0.0768118  -0.0394668  -0.0274288   0.1186727  -0.0309975  -0.0325735  -0.0287991  -0.0379431 Columns 6 through 10:  -0.2532659  -0.1438285  -0.3358776  -0.3300475  -0.1320516   0.0348440   0.1199643   0.0472765  -0.1420560  -0.0584151   0.1080224   0.1154051   0.0878477   0.0202948  -0.0356125   0.0877678   0.1077490   0.1257511   0.0430258  -0.0131233   0.2903377   0.1095686   0.1375379   0.0659111   0.0020667   0.4090922   0.2185816   0.0700488   0.0670474   0.0321678   0.2185816   0.3603023   0.2135560   0.0456033   0.0345300   0.0700488   0.2135560   0.3402459   0.1920361   0.0245127   0.0670474   0.0456033   0.1920361   0.3153272   0.1573231   0.0321678   0.0345300   0.0245127   0.1573231   0.2402218  -0.0201235  -0.0290512  -0.0407031  -0.0426770   0.0679389  -0.0297662  -0.0547808  -0.0603504  -0.0684024  -0.0571288 Columns 11 and 12:   0.0864760   0.1186727  -0.0925422  -0.0309975  -0.0768118  -0.0325735  -0.0394668  -0.0287991  -0.0274288  -0.0379431  -0.0201235  -0.0297662  -0.0290512  -0.0547808  -0.0407031  -0.0603504  -0.0426770  -0.0684024   0.0679389  -0.0571288   0.1793607   0.0897301   0.0897301   0.1764398Clust 2: weight 0.152508        Mean: 6.27574 2.98629 1.69304 1.2738 0.420811 0.433687 0.454353 0.226133 0.033521 0.120525 0.099059 0.0424823        Variance: Columns 1 through 5:   3.1335e+00   7.0405e-01  -4.2377e-01  -5.3417e-01  -5.2536e-01   7.0405e-01   6.8790e-01   3.2920e-01  -3.1312e-02  -1.2362e-01  -4.2377e-01   3.2920e-01   6.9121e-01   4.3824e-01   9.1794e-02  -5.3417e-01  -3.1312e-02   4.3824e-01   5.2674e-01   2.9047e-01  -5.2536e-01  -1.2362e-01   9.1794e-02   2.9047e-01   4.2396e-01  -3.2801e-01  -1.1947e-01  -3.9619e-02   5.8770e-02   2.7443e-01  -1.5706e-01  -1.6053e-01  -7.8953e-02   2.8887e-03   8.3471e-02  -2.9552e-01  -1.7686e-01  -7.1528e-02   3.3313e-02   7.7755e-02  -3.8571e-01  -1.2618e-01  -1.1097e-02   2.5503e-02   7.8899e-02  -1.6743e-01  -5.4731e-02   4.7240e-04  -1.5716e-02   6.9289e-03   1.2609e-01   5.1027e-03  -4.7340e-02  -4.4842e-02  -3.7624e-02   1.8271e-01   3.7178e-02  -3.9280e-02  -4.2577e-02  -4.3165e-02 Columns 6 through 10:  -3.2801e-01  -1.5706e-01  -2.9552e-01  -3.8571e-01  -1.6743e-01  -1.1947e-01  -1.6053e-01  -1.7686e-01  -1.2618e-01  -5.4731e-02  -3.9619e-02  -7.8953e-02  -7.1528e-02  -1.1097e-02   4.7240e-04   5.8770e-02   2.8887e-03   3.3313e-02   2.5503e-02  -1.5716e-02   2.7443e-01   8.3471e-02   7.7755e-02   7.8899e-02   6.9289e-03   3.5512e-01   2.0999e-01   8.3869e-02   7.4798e-02   5.2176e-02   2.0999e-01   2.7288e-01   1.8918e-01   8.3416e-02   3.3737e-02   8.3869e-02   1.8918e-01   3.0022e-01   2.2630e-01   5.1958e-02   7.4798e-02   8.3416e-02   2.2630e-01   3.2301e-01   1.7896e-01   5.2176e-02   3.3737e-02   5.1958e-02   1.7896e-01   2.1834e-01  -2.2163e-02  -2.2739e-02  -5.7690e-02  -4.3165e-02   7.0151e-02  -5.6469e-02  -6.8140e-02  -8.8283e-02  -1.0817e-01  -5.0171e-02 Columns 11 and 12:   1.2609e-01   1.8271e-01   5.1027e-03   3.7178e-02  -4.7340e-02  -3.9280e-02  -4.4842e-02  -4.2577e-02  -3.7624e-02  -4.3165e-02  -2.2163e-02  -5.6469e-02  -2.2739e-02  -6.8140e-02  -5.7690e-02  -8.8283e-02  -4.3165e-02  -1.0817e-01   7.0151e-02  -5.0171e-02   1.4965e-01   9.0712e-02   9.0712e-02   1.5195e-01Clust 3: weight 0.13289        Mean: 5.13501 0.736468 2.51062 0.218818 0.958249 0.273391-0.00591531 0.532462 -0.175357 0.466121 -0.164722 0.124871        Variance: Columns 1 through 5:   1.2306952  -0.1905429   0.1754002  -0.3776503  -0.0932480  -0.1905429   1.3766394  -0.0594460   0.6336645  -0.0181394   0.1754002  -0.0594460   0.6426344   0.1066262   0.2025901  -0.3776503   0.6336645   0.1066262   0.7887279   0.1876512  -0.0932480  -0.0181394   0.2025901   0.1876512   0.3998644  -0.1582861   0.2194898   0.0409707   0.2418863   0.1661913  -0.1052410   0.2206628  -0.0229761   0.1920872   0.0487887   0.0221251  -0.0477460   0.0491946  -0.0128634   0.0569437  -0.0987871   0.2057777  -0.0791108   0.1428868  -0.0207712   0.0890152  -0.1103049   0.0349276  -0.0868972   0.0208670  -0.0639028   0.1079265  -0.0561723   0.0693773  -0.0277651   0.0194075  -0.0715712   0.0151506  -0.0549907   0.0081817 Columns 6 through 10:  -0.1582861  -0.1052410   0.0221251  -0.0987871   0.0890152   0.2194898   0.2206628  -0.0477460   0.2057777  -0.1103049   0.0409707  -0.0229761   0.0491946  -0.0791108   0.0349276   0.2418863   0.1920872  -0.0128634   0.1428868  -0.0868972   0.1661913   0.0487887   0.0569437  -0.0207712   0.0208670   0.3619970   0.1850420   0.0284069   0.0846355  -0.0340605   0.1850420   0.3090070   0.1038733   0.0678037   0.0073476   0.0284069   0.1038733   0.2289892   0.0823027   0.0057323   0.0846355   0.0678037   0.0823027   0.2387417   0.0427022  -0.0340605   0.0073476   0.0057323   0.0427022   0.1952834   0.0387730   0.0042217   0.0024438   0.0264028   0.0393286  -0.0422605  -0.0215642  -0.0135567  -0.0133895   0.0074059 Columns 11 and 12:  -0.0639028   0.0194075   0.1079265  -0.0715712  -0.0561723   0.0151506   0.0693773  -0.0549907  -0.0277651   0.0081817   0.0387730  -0.0422605   0.0042217  -0.0215642   0.0024438  -0.0135567   0.0264028  -0.0133895   0.0393286   0.0074059   0.1821145   0.0344863   0.0344863   0.1536198Clust 4: weight 0.128335        Mean: 5.60217 3.34897 1.72196 1.14669 0.56549 0.482943 0.33289 0.150788 -0.0206678 0.055668 0.0943143 0.0531464        Variance: Columns 1 through 5:   1.7019321   0.6415205  -0.1727953  -0.4335566  -0.3523068   0.6415205   0.4367635   0.1994584   0.0088235  -0.0939513  -0.1727953   0.1994584   0.4593157   0.3943050   0.1482525  -0.4335566   0.0088235   0.3943050   0.4684657   0.2925215  -0.3523068  -0.0939513   0.1482525   0.2925215   0.3207479  -0.1954744  -0.1210347  -0.0290675   0.1007001   0.2428312  -0.1375432  -0.1200792  -0.0669130   0.0246155   0.1360981  -0.2004014  -0.1134446  -0.0278678   0.0343537   0.0779384  -0.2140230  -0.0860797   0.0033829   0.0343415   0.0468376  -0.0699917  -0.0364569  -0.0178803  -0.0132127   0.0034944   0.1070654   0.0110980  -0.0558000  -0.0618418  -0.0339153   0.1393132   0.0333607  -0.0429396  -0.0556255  -0.0394046 Columns 6 through 10:  -0.1954744  -0.1375432  -0.2004014  -0.2140230  -0.0699917  -0.1210347  -0.1200792  -0.1134446  -0.0860797  -0.0364569  -0.0290675  -0.0669130  -0.0278678   0.0033829  -0.0178803   0.1007001   0.0246155   0.0343537   0.0343415  -0.0132127   0.2428312   0.1360981   0.0779384   0.0468376   0.0034944   0.2937952   0.2216507   0.1214328   0.0624965   0.0255475   0.2216507   0.2350478   0.1820895   0.1083084   0.0427168   0.1214328   0.1820895   0.2275020   0.1939000   0.0874795   0.0624965   0.1083084   0.1939000   0.2349259   0.1537003   0.0255475   0.0427168   0.0874795   0.1537003   0.1596818  -0.0109961  -0.0121256  -0.0172000   0.0147304   0.0783515  -0.0332033  -0.0465777  -0.0668524  -0.0626259  -0.0068924 Columns 11 and 12:   0.1070654   0.1393132   0.0110980   0.0333607  -0.0558000  -0.0429396  -0.0618418  -0.0556255  -0.0339153  -0.0394046  -0.0109961  -0.0332033  -0.0121256  -0.0465777  -0.0172000  -0.0668524   0.0147304  -0.0626259   0.0783515  -0.0068924   0.1100987   0.0737160   0.0737160   0.1052868Clust 5: weight 0.0984634        Mean: 7.30285 -2.64103 2.79087 0.203808 0.244205 0.421286-0.195268 0.552656 -0.161809 0.328728 0.0776165 0.00487439        Variance: Columns 1 through 5:   6.6225e+00   3.0983e+00  -7.8912e-01   1.6334e-02  -6.1464e-01   3.0983e+00   6.6782e+00   7.2015e-02  -1.5348e-01  -6.4902e-02  -7.8912e-01   7.2015e-02   1.8549e+00   4.0855e-01   2.7181e-01   1.6334e-02  -1.5348e-01   4.0855e-01   1.1408e+00  -1.0898e-02  -6.1464e-01  -6.4902e-02   2.7181e-01  -1.0898e-02   8.4717e-01   6.2789e-01   4.6849e-01  -2.3463e-01   1.0188e-01  -4.6308e-02   7.4197e-02   1.5557e-01  -9.8147e-03   7.5108e-03   8.9674e-02  -4.1791e-01  -4.0192e-01   1.9070e-01  -3.1391e-02   1.5416e-01   9.8272e-02   5.1961e-04  -9.0454e-02   1.8286e-01  -1.3040e-01  -2.6334e-01  -9.0932e-02   9.8305e-02  -1.7932e-01   1.9806e-01   2.8468e-01  -3.2678e-02  -1.1212e-01   1.2458e-01  -1.7459e-01  -9.6011e-02   5.7769e-02   5.8720e-02  -1.7414e-02   4.6561e-02 Columns 6 through 10:   6.2789e-01   7.4197e-02  -4.1791e-01   9.8272e-02  -2.6334e-01   4.6849e-01   1.5557e-01  -4.0192e-01   5.1961e-04  -9.0932e-02  -2.3463e-01  -9.8147e-03   1.9070e-01  -9.0454e-02   9.8305e-02   1.0188e-01   7.5108e-03  -3.1391e-02   1.8286e-01  -1.7932e-01  -4.6308e-02   8.9674e-02   1.5416e-01  -1.3040e-01   1.9806e-01   6.9906e-01   9.9892e-02  -8.1135e-02   1.3249e-01  -1.2317e-01   9.9892e-02   4.8526e-01   1.2703e-01  -2.6148e-02   6.6431e-02  -8.1135e-02   1.2703e-01   4.3218e-01   5.4820e-02   1.5079e-02   1.3249e-01  -2.6148e-02   5.4820e-02   3.6440e-01  -6.0515e-03  -1.2317e-01   6.6431e-02   1.5079e-02  -6.0515e-03   3.9350e-01   1.2090e-01  -9.5570e-02  -5.2913e-02   3.3618e-02  -4.7607e-02  -8.3292e-02   2.3596e-02  -2.9009e-02  -3.3435e-02   4.2514e-03 Columns 11 and 12:   2.8468e-01  -9.6011e-02  -3.2678e-02   5.7769e-02  -1.1212e-01   5.8720e-02   1.2458e-01  -1.7414e-02  -1.7459e-01   4.6561e-02   1.2090e-01  -8.3292e-02  -9.5570e-02   2.3596e-02  -5.2913e-02  -2.9009e-02   3.3618e-02  -3.3435e-02  -4.7607e-02   4.2514e-03   3.2836e-01   9.9932e-03   9.9932e-03   2.2940e-01Clust 6: weight 0.0879258        Mean: 7.68154 -0.243835 1.48309 0.959331 0.0636616 0.501519 0.325242 0.298563 -0.0133004 0.249579 0.118749 -0.0459984        Variance: Columns 1 through 5:   5.0149e+00   2.1293e+00   5.4529e-01  -1.2205e-01  -5.3735e-01   2.1293e+00   7.2176e+00   3.3143e+00   4.9157e-01  -1.0529e-01   5.4529e-01   3.3143e+00   3.0863e+00   7.9618e-01  -4.7334e-02  -1.2205e-01   4.9157e-01   7.9618e-01   9.5526e-01   3.0107e-01  -5.3735e-01  -1.0529e-01  -4.7334e-02   3.0107e-01   6.2886e-01  -2.0080e-02  -2.6261e-01  -1.2274e-01  -5.0068e-02   2.3857e-01   2.9522e-02   6.5565e-02  -1.6503e-01  -2.2209e-02  -3.7381e-02  -1.5163e-01  -1.8670e-01  -1.4494e-01  -3.0623e-02   4.1484e-02  -1.9947e-01  -1.2007e-01  -6.9453e-02   1.4141e-02   2.7486e-02  -3.3429e-01  -3.5355e-02   8.4111e-02  -3.0960e-02   1.8600e-02   8.3868e-02  -2.1929e-01  -8.9850e-02  -4.4993e-03  -7.8771e-03   1.1810e-01   2.8393e-02  -3.6477e-02  -2.1074e-02  -4.1995e-02 Columns 6 through 10:  -2.0080e-02   2.9522e-02  -1.5163e-01  -1.9947e-01  -3.3429e-01  -2.6261e-01   6.5565e-02  -1.8670e-01  -1.2007e-01  -3.5355e-02  -1.2274e-01  -1.6503e-01  -1.4494e-01  -6.9453e-02   8.4111e-02  -5.0068e-02  -2.2209e-02  -3.0623e-02   1.4141e-02  -3.0960e-02   2.3857e-01  -3.7381e-02   4.1484e-02   2.7486e-02   1.8600e-02   4.9615e-01   1.9682e-01   3.6106e-03   4.1277e-02   1.3003e-02   1.9682e-01   5.2482e-01   2.6067e-01   4.0216e-02   5.3774e-03   3.6106e-03   2.6067e-01   4.8249e-01   2.3796e-01  -2.0370e-02   4.1277e-02   4.0216e-02   2.3796e-01   4.1412e-01   1.6905e-01   1.3003e-02   5.3774e-03  -2.0370e-02   1.6905e-01   3.6943e-01   9.2983e-04  -9.8726e-02  -1.0229e-01  -8.6785e-02   6.6212e-02  -5.2974e-02  -7.6463e-02  -9.8836e-02  -9.9610e-02  -9.2403e-02 Columns 11 and 12:   8.3868e-02   1.1810e-01  -2.1929e-01   2.8393e-02  -8.9850e-02  -3.6477e-02  -4.4993e-03  -2.1074e-02  -7.8771e-03  -4.1995e-02   9.2983e-04  -5.2974e-02  -9.8726e-02  -7.6463e-02  -1.0229e-01  -9.8836e-02  -8.6785e-02  -9.9610e-02   6.6212e-02  -9.2403e-02   2.7543e-01   1.0101e-01   1.0101e-01   2.3212e-01Clust 7: weight 0.0869046        Mean: 6.95026 -1.12259 1.82499 0.924003 -0.42126 0.768502-0.181643 0.110601 0.305536 -0.0148063 0.334167 0.0168252        Variance: Columns 1 through 5:   2.2896480  -0.3313577  -0.3739278  -0.4183895  -0.3470319  -0.3313577   1.0895731   0.2047656   0.0478190   0.1845255  -0.3739278   0.2047656   0.8466709   0.4223379   0.1158300  -0.4183895   0.0478190   0.4223379   0.6232638   0.2189669  -0.3470319   0.1845255   0.1158300   0.2189669   0.4177240  -0.0338765  -0.0449646   0.1624184   0.0785511   0.1771568  -0.2770328   0.0794681   0.0707900   0.1620099   0.0593905  -0.1941960   0.0156415   0.1125993   0.0485096   0.0914714  -0.0227655  -0.0368673   0.0332120   0.0605714   0.0012259  -0.0084737   0.0482119  -0.0695937  -0.0163101   0.0071525   0.0711916  -0.0183648   0.0161233  -0.0368818   0.0073353  -0.0581172   0.0186912   0.0179251   0.0584475  -0.0165360 Columns 6 through 10:  -0.0338765  -0.2770328  -0.1941960  -0.0227655  -0.0084737  -0.0449646   0.0794681   0.0156415  -0.0368673   0.0482119   0.1624184   0.0707900   0.1125993   0.0332120  -0.0695937   0.0785511   0.1620099   0.0485096   0.0605714  -0.0163101   0.1771568   0.0593905   0.0914714   0.0012259   0.0071525   0.3646528   0.1519188   0.0305378   0.0386144  -0.0348429   0.1519188   0.3303281   0.1215825   0.0139867   0.0037094   0.0305378   0.1215825   0.2856765   0.0862756  -0.0260463   0.0386144   0.0139867   0.0862756   0.2293917   0.0713784  -0.0348429   0.0037094  -0.0260463   0.0713784   0.2092741  -0.0048377  -0.0301476   0.0202432  -0.0266518   0.0690672   0.0021085   0.0226452  -0.0132092   0.0213697  -0.0220392 Columns 11 and 12:   0.0711916  -0.0581172  -0.0183648   0.0186912   0.0161233   0.0179251  -0.0368818   0.0584475   0.0073353  -0.0165360  -0.0048377   0.0021085  -0.0301476   0.0226452   0.0202432  -0.0132092  -0.0266518   0.0213697   0.0690672  -0.0220392   0.1890133   0.0542325   0.0542325   0.1767656Clust 8: weight 0.0759668        Mean: 4.6366 3.26537 1.92975 1.35832 0.749825 0.524801 0.276182 0.159525 0.0467604 0.0664015 0.0343012 0.00338299        Variance: Columns 1 through 5:   0.9260728   0.5260046   0.1291664  -0.1257201  -0.2239638   0.5260046   0.3647835   0.1840573   0.0327936  -0.0652957   0.1291664   0.1840573   0.2163599   0.1832507   0.1029555  -0.1257201   0.0327936   0.1832507   0.2452054   0.2150803  -0.2239638  -0.0652957   0.1029555   0.2150803   0.2487498  -0.2273533  -0.1112064   0.0256999   0.1439199   0.2181328  -0.2124801  -0.1264272  -0.0209124   0.0792934   0.1574534  -0.1996950  -0.1224008  -0.0368841   0.0370320   0.0957992  -0.1514629  -0.0925822  -0.0352227   0.0063818   0.0394635  -0.0569054  -0.0421687  -0.0301607  -0.0220454  -0.0093161   0.0334686   0.0040111  -0.0247635  -0.0396852  -0.0380758   0.0623787   0.0237759  -0.0132930  -0.0336400  -0.0380575 Columns 6 through 10:  -0.2273533  -0.2124801  -0.1996950  -0.1514629  -0.0569054  -0.1112064  -0.1264272  -0.1224008  -0.0925822  -0.0421687   0.0256999  -0.0209124  -0.0368841  -0.0352227  -0.0301607   0.1439199   0.0792934   0.0370320   0.0063818  -0.0220454   0.2181328   0.1574534   0.0957992   0.0394635  -0.0093161   0.2347216   0.2013802   0.1425545   0.0762269   0.0149432   0.2013802   0.2074751   0.1794968   0.1224569   0.0513030   0.1425545   0.1794968   0.1943934   0.1645872   0.0926254   0.0762269   0.1224569   0.1645872   0.1687366   0.1188843   0.0149432   0.0513030   0.0926254   0.1188843   0.1097218  -0.0258042  -0.0084570   0.0145359   0.0432502   0.0682176  -0.0371816  -0.0375406  -0.0332751  -0.0139408   0.0205040 Columns 11 and 12:   0.0334686   0.0623787   0.0040111   0.0237759  -0.0247635  -0.0132930  -0.0396852  -0.0336400  -0.0380758  -0.0380575  -0.0258042  -0.0371816  -0.0084570  -0.0375406   0.0145359  -0.0332751   0.0432502  -0.0139408   0.0682176   0.0205040   0.0739971   0.0544132   0.0544132   0.0662365Clust 9: weight 0.0570583        Mean: 2.78998 -5.47532 2.85487 1.8429 0.119331 -0.264177 -0.24944 0.849449 0.0263556 0.254114 0.124392 0.0236153        Variance: Columns 1 through 5:   3.2516107   0.9813599  -0.4011634   0.0089161   0.2521843   0.9813599   1.9218677  -0.2267317   0.4802315   0.0233902  -0.4011634  -0.2267317   1.1223767  -0.1002611  -0.0404745   0.0089161   0.4802315  -0.1002611   0.8200040   0.2945681   0.2521843   0.0233902  -0.0404745   0.2945681   0.5923829   0.0587257   0.1291112   0.1197600   0.1048980   0.2165203  -0.2205513   0.1862770   0.2012784   0.1176259  -0.0921756  -0.0241148  -0.0278189   0.1020944  -0.0105110   0.0117822   0.2011032   0.2294926  -0.1757061   0.1474998   0.0570292   0.0687654  -0.0327463   0.1132174  -0.0365065   0.0257152   0.0503006   0.1042437  -0.0315688   0.0687703   0.0071346  -0.0178503   0.0401811   0.0297236   0.0289068  -0.0031363 Columns 6 through 10:   0.0587257  -0.2205513  -0.0241148   0.2011032   0.0687654   0.1291112   0.1862770  -0.0278189   0.2294926  -0.0327463   0.1197600   0.2012784   0.1020944  -0.1757061   0.1132174   0.1048980   0.1176259  -0.0105110   0.1474998  -0.0365065   0.2165203  -0.0921756   0.0117822   0.0570292   0.0257152   0.4458452   0.1338132  -0.1002856   0.0637920   0.0771163   0.1338132   0.4300298   0.1252760  -0.0558008   0.0167285  -0.1002856   0.1252760   0.3697372   0.0175864  -0.1061642   0.0637920  -0.0558008   0.0175864   0.2971480   0.0665602   0.0771163   0.0167285  -0.1061642   0.0665602   0.2715036   0.0167503   0.0114686   0.0289310  -0.0165593   0.0426863  -0.0239090   0.0225335   0.0097443   0.0160783  -0.0173129 Columns 11 and 12:   0.0503006  -0.0178503   0.1042437   0.0401811  -0.0315688   0.0297236   0.0687703   0.0289068   0.0071346  -0.0031363   0.0167503  -0.0239090   0.0114686   0.0225335   0.0289310   0.0097443  -0.0165593   0.0160783   0.0426863  -0.0173129   0.2272238   0.0430994   0.0430994   0.1784429Clust 10: weight 0.0140015        Mean: 1.26868 0.999031 0.733626 0.66863 0.521495 0.4455360.326046 0.253104 0.160799 0.102903 0.0291109 -0.00897815        Variance: Columns 1 through 5:   2.6398e+00   2.0799e+00   1.5270e+00   1.3834e+00   1.0721e+00   2.0799e+00   1.6394e+00   1.2041e+00   1.0909e+00   8.4561e-01   1.5270e+00   1.2041e+00   8.8559e-01   8.0298e-01   6.2306e-01   1.3834e+00   1.0909e+00   8.0298e-01   7.3107e-01   5.6946e-01   1.0721e+00   8.4561e-01   6.2306e-01   5.6946e-01   4.4590e-01   9.0866e-01   7.1654e-01   5.2831e-01   4.8473e-01   3.8131e-01   6.5822e-01   5.1886e-01   3.8271e-01   3.5310e-01   2.7937e-01   5.0613e-01   3.9861e-01   2.9379e-01   2.7208e-01   2.1628e-01   3.1663e-01   2.4894e-01   1.8320e-01   1.7067e-01   1.3652e-01   1.9970e-01   1.5655e-01   1.1459e-01   1.0700e-01   8.5744e-02   5.1485e-02   3.9704e-02   2.8183e-02   2.7005e-02   2.2071e-02  -2.3249e-02  -1.9151e-02  -1.5202e-02  -1.3720e-02  -1.0827e-02 Columns 6 through 10:   9.0866e-01   6.5822e-01   5.0613e-01   3.1663e-01   1.9970e-01   7.1654e-01   5.1886e-01   3.9861e-01   2.4894e-01   1.5655e-01   5.2831e-01   3.8271e-01   2.9379e-01   1.8320e-01   1.1459e-01   4.8473e-01   3.5310e-01   2.7208e-01   1.7067e-01   1.0700e-01   3.8131e-01   2.7937e-01   2.1628e-01   1.3652e-01   8.5744e-02   3.2836e-01   2.4249e-01   1.8879e-01   1.2049e-01   7.6170e-02   2.4249e-01   1.8131e-01   1.4253e-01   9.2237e-02   5.8976e-02   1.8879e-01   1.4253e-01   1.1366e-01   7.4923e-02   4.8678e-02   1.2049e-01   9.2237e-02   7.4923e-02   5.1235e-02   3.4419e-02   7.6170e-02   5.8976e-02   4.8678e-02   3.4419e-02   2.4629e-02   2.0475e-02   1.6967e-02   1.5437e-02   1.2503e-02   1.0798e-02  -8.7801e-03  -5.7567e-03  -3.1386e-03  -1.8678e-04   2.1226e-03 Columns 11 and 12:   5.1485e-02  -2.3249e-02   3.9704e-02  -1.9151e-02   2.8183e-02  -1.5202e-02   2.7005e-02  -1.3720e-02   2.2071e-02  -1.0827e-02   2.0475e-02  -8.7801e-03   1.6967e-02  -5.7567e-03   1.5437e-02  -3.1386e-03   1.2503e-02  -1.8678e-04   1.0798e-02   2.1226e-03   7.6554e-03   4.5427e-03   4.5427e-03   5.4951e-03