Gaussian mixture distribution with 12 components in 12 dimension(s)Clust 1: weight 0.133794Mean: 7.7229 3.16459 -0.111531 -0.594306 -0.213964 0.216717 0.185206 0.209195 0.118825 -0.0254935 -0.198206 -0.237243Variance: Columns 1 through 5:   1.0534716   0.3333792  -0.1333259  -0.1727266  -0.0507707   0.3333792   0.5547371   0.5332595   0.2813556   0.0359164  -0.1333259   0.5332595   0.8254082   0.5959183   0.1938902  -0.1727266   0.2813556   0.5959183   0.6027179   0.3666695  -0.0507707   0.0359164   0.1938902   0.3666695   0.4094382  -0.0096956  -0.0562091  -0.0419198   0.0866350   0.2643099  -0.0426432  -0.0471940  -0.0780654  -0.0735471   0.0501477  -0.0506692  -0.0351049  -0.0510054  -0.0922324  -0.0687801  -0.0237381  -0.0435069  -0.0480349  -0.0537079  -0.0537997  -0.0061737  -0.0422260  -0.0506557  -0.0218030   0.0132473  -0.0046079  -0.0199164  -0.0254513   0.0012790   0.0457688  -0.0022708   0.0067677   0.0170045   0.0272785   0.0308349 Columns 6 through 10:  -0.0096956  -0.0426432  -0.0506692  -0.0237381  -0.0061737  -0.0562091  -0.0471940  -0.0351049  -0.0435069  -0.0422260  -0.0419198  -0.0780654  -0.0510054  -0.0480349  -0.0506557   0.0866350  -0.0735471  -0.0922324  -0.0537079  -0.0218030   0.2643099   0.0501477  -0.0687801  -0.0537997   0.0132473   0.3392055   0.2422563   0.0786291  -0.0011423   0.0235108   0.2422563   0.3406167   0.2664344   0.1173439   0.0228741   0.0786291   0.2664344   0.3324080   0.2243375   0.0528466  -0.0011423   0.1173439   0.2243375   0.2232266   0.1135114   0.0235108   0.0228741   0.0528466   0.1135114   0.1438885   0.0503817  -0.0053416  -0.0501522  -0.0052881   0.0993142   0.0142135  -0.0261532  -0.0625171  -0.0520698   0.0157896 Columns 11 and 12:  -0.0046079  -0.0022708  -0.0199164   0.0067677  -0.0254513   0.0170045   0.0012790   0.0272785   0.0457688   0.0308349   0.0503817   0.0142135  -0.0053416  -0.0261532  -0.0501522  -0.0625171  -0.0052881  -0.0520698   0.0993142   0.0157896   0.1497744   0.0928224   0.0928224   0.1123546Clust 2: weight 0.128842        Mean: 8.48539 2.72379 -0.632413 -0.694322 -0.101867 0.209687 0.0453614 0.219782 0.214538 -0.0463818 -0.208765 -0.194757        Variance: Columns 1 through 5:   1.5133e+00   5.4688e-01  -3.3279e-02  -1.0186e-01  -2.3337e-02   5.4688e-01   9.4940e-01   8.1292e-01   3.2150e-01   1.2066e-02  -3.3279e-02   8.1292e-01   1.0421e+00   6.3327e-01   1.8229e-01  -1.0186e-01   3.2150e-01   6.3327e-01   6.6715e-01   4.1836e-01  -2.3337e-02   1.2066e-02   1.8229e-01   4.1836e-01   4.7642e-01  -4.2413e-03   2.1053e-03   3.4310e-03   9.2915e-02   2.7800e-01  -1.7265e-02   3.8793e-02  -1.5167e-02  -7.1444e-02   3.0391e-02  -2.6796e-02  -1.8274e-02  -2.7366e-02  -6.2287e-02  -6.4758e-02  -3.0417e-02  -7.6113e-02  -5.7434e-02  -2.4040e-02  -2.8944e-02  -3.1822e-02  -5.1674e-02  -5.3278e-02  -1.6512e-02   2.4410e-02  -2.7858e-02  -1.0007e-02  -1.5941e-02  -9.7034e-03   3.3814e-02  -1.1235e-02   2.8539e-04   1.6432e-02   2.3290e-02   1.8297e-02 Columns 6 through 10:  -4.2413e-03  -1.7265e-02  -2.6796e-02  -3.0417e-02  -3.1822e-02   2.1053e-03   3.8793e-02  -1.8274e-02  -7.6113e-02  -5.1674e-02   3.4310e-03  -1.5167e-02  -2.7366e-02  -5.7434e-02  -5.3278e-02   9.2915e-02  -7.1444e-02  -6.2287e-02  -2.4040e-02  -1.6512e-02   2.7800e-01   3.0391e-02  -6.4758e-02  -2.8944e-02   2.4410e-02   3.7406e-01   2.5894e-01   6.6071e-02  -1.5210e-02   2.4897e-02   2.5894e-01   3.9038e-01   2.8191e-01   8.8237e-02   2.0534e-03   6.6071e-02   2.8191e-01   3.6024e-01   2.1905e-01   2.2036e-02  -1.5210e-02   8.8237e-02   2.1905e-01   2.3161e-01   1.0262e-01   2.4897e-02   2.0534e-03   2.2036e-02   1.0262e-01   1.5343e-01   5.2002e-02  -6.2401e-03  -6.8699e-02  -2.6752e-02   9.9731e-02   2.4621e-03  -2.7056e-02  -5.6564e-02  -5.4793e-02   6.3403e-03 Columns 11 and 12:  -2.7858e-02  -1.1235e-02  -1.0007e-02   2.8539e-04  -1.5941e-02   1.6432e-02  -9.7034e-03   2.3290e-02   3.3814e-02   1.8297e-02   5.2002e-02   2.4621e-03  -6.2401e-03  -2.7056e-02  -6.8699e-02  -5.6564e-02  -2.6752e-02  -5.4793e-02   9.9731e-02   6.3403e-03   1.6526e-01   9.6890e-02   9.6890e-02   1.2654e-01Clust 3: weight 0.126887        Mean: 9.07167 1.87235 -1.09236 -0.72963 -0.00891208 0.234667 -0.179808 0.193816 0.321787 -0.127365 -0.177368 -0.11344        Variance: Columns 1 through 5:   2.0922990   1.1265861   0.4038813   0.0374134  -0.0901632   1.1265861   1.8939651   1.3259316   0.3136611  -0.0767297   0.4038813   1.3259316   1.2976450   0.5880485   0.1187921   0.0374134   0.3136611   0.5880485   0.6764310   0.4187756  -0.0901632  -0.0767297   0.1187921   0.4187756   0.5061783  -0.0211474   0.0280466   0.0161550   0.0624371   0.2739421   0.0829894   0.1299775  -0.0031765  -0.0659591   0.0091049   0.0398822   0.0136973  -0.0150201  -0.0350558  -0.0634975  -0.0414114  -0.1085177  -0.0577484  -0.0190954  -0.0221899  -0.0589637  -0.0629813  -0.0731763  -0.0120448   0.0330454  -0.0581324  -0.0316686  -0.0224011  -0.0053000   0.0419143  -0.0270484  -0.0300387   0.0111476   0.0188736   0.0121162 Columns 6 through 10:  -0.0211474   0.0829894   0.0398822  -0.0414114  -0.0589637   0.0280466   0.1299775   0.0136973  -0.1085177  -0.0629813   0.0161550  -0.0031765  -0.0150201  -0.0577484  -0.0731763   0.0624371  -0.0659591  -0.0350558  -0.0190954  -0.0120448   0.2739421   0.0091049  -0.0634975  -0.0221899   0.0330454   0.3867013   0.2264866   0.0290011  -0.0231643   0.0277634   0.2264866   0.4146161   0.2708414   0.0412717   0.0107213   0.0290011   0.2708414   0.3674893   0.2021778   0.0062700  -0.0231643   0.0412717   0.2021778   0.2537759   0.0973780   0.0277634   0.0107213   0.0062700   0.0973780   0.1841613   0.0589407   0.0026026  -0.0635198  -0.0345907   0.0998090   0.0022385  -0.0299371  -0.0423242  -0.0425385  -0.0113370 Columns 11 and 12:  -0.0581324  -0.0270484  -0.0316686  -0.0300387  -0.0224011   0.0111476  -0.0053000   0.0188736   0.0419143   0.0121162   0.0589407   0.0022385   0.0026026  -0.0299371  -0.0635198  -0.0423242  -0.0345907  -0.0425385   0.0998090  -0.0113370   0.1785329   0.0954792   0.0954792   0.1447193Clust 4: weight 0.116554        Mean: 9.59187 0.62112 -1.11975 -0.547304 0.0372056 0.30373 -0.489172 0.176872 0.488484 -0.240689 -0.124677 -0.0542429        Variance: Columns 1 through 5:   3.0882e+00   1.8447e+00   4.1243e-01  -2.8029e-01  -2.5607e-01   1.8447e+00   3.1064e+00   1.1836e+00  -2.3829e-01  -1.9697e-01   4.1243e-01   1.1836e+00   1.1110e+00   3.9945e-01   3.4176e-02  -2.8029e-01  -2.3829e-01   3.9945e-01   8.0623e-01   4.3675e-01  -2.5607e-01  -1.9697e-01   3.4176e-02   4.3675e-01   5.6125e-01   1.0392e-01   9.2724e-02   1.1024e-02  -3.2613e-02   2.3633e-01   3.1573e-01   3.9513e-01  -2.7918e-03  -1.0463e-01  -3.7367e-02   6.3667e-02   1.2012e-01   4.4881e-02  -1.2183e-02  -4.6786e-02  -1.2534e-01  -2.1850e-01  -7.2962e-03   2.6356e-02  -1.0410e-02  -6.8052e-02  -3.6431e-02  -8.2473e-02   2.1017e-02   3.7473e-02  -5.7000e-02  -4.9650e-02  -1.5221e-02  -7.5387e-03   3.6369e-02  -1.3116e-02  -6.5927e-02   1.6741e-02   8.7575e-03  -4.2098e-03 Columns 6 through 10:   1.0392e-01   3.1573e-01   6.3667e-02  -1.2534e-01  -6.8052e-02   9.2724e-02   3.9513e-01   1.2012e-01  -2.1850e-01  -3.6431e-02   1.1024e-02  -2.7918e-03   4.4881e-02  -7.2962e-03  -8.2473e-02  -3.2613e-02  -1.0463e-01  -1.2183e-02   2.6356e-02   2.1017e-02   2.3633e-01  -3.7367e-02  -4.6786e-02  -1.0410e-02   3.7473e-02   4.1872e-01   1.9391e-01  -1.6348e-03  -1.8083e-02   4.5897e-03   1.9391e-01   4.8624e-01   2.4295e-01  -3.3999e-02   4.0260e-02  -1.6348e-03   2.4295e-01   3.6528e-01   1.7078e-01  -1.0496e-02  -1.8083e-02  -3.3999e-02   1.7078e-01   2.8946e-01   7.3887e-02   4.5897e-03   4.0260e-02  -1.0496e-02   7.3887e-02   2.2185e-01   4.9749e-02  -3.3223e-04  -4.0826e-02  -4.4508e-02   8.1991e-02   8.6981e-03  -4.3540e-02  -3.0925e-02  -1.5409e-02  -4.0047e-02 Columns 11 and 12:  -5.7000e-02  -1.3116e-02  -4.9650e-02  -6.5927e-02  -1.5221e-02   1.6741e-02  -7.5387e-03   8.7575e-03   3.6369e-02  -4.2098e-03   4.9749e-02   8.6981e-03  -3.3223e-04  -4.3540e-02  -4.0826e-02  -3.0925e-02  -4.4508e-02  -1.5409e-02   8.1991e-02  -4.0047e-02   1.9854e-01   8.5694e-02   8.5694e-02   1.6805e-01Clust 5: weight 0.092146        Mean: 6.21719 1.59256 2.23505 0.723241 -0.00273476 0.40525 0.418817 0.63364 -0.195207 0.0181698 0.103022 -0.173177        Variance: Columns 1 through 5:   2.6179e+00   3.9204e-01  -1.5320e-01  -2.6217e-01  -4.3901e-01   3.9204e-01   1.5734e+00   5.4935e-02   3.2497e-01   2.5815e-01  -1.5320e-01   5.4935e-02   8.2861e-01   3.3215e-01   1.4514e-01  -2.6217e-01   3.2497e-01   3.3215e-01   7.3401e-01   3.4913e-01  -4.3901e-01   2.5815e-01   1.4514e-01   3.4913e-01   6.4928e-01  -2.0611e-01   2.0842e-02   5.8236e-02   6.9954e-02   3.2204e-01  -6.7336e-02   1.2262e-02  -1.1008e-01   1.3535e-01   1.3768e-02  -2.6319e-01  -3.2424e-01   2.6939e-02  -2.5675e-02   6.1267e-02  -2.1756e-01  -1.2860e-02  -6.6313e-02   2.9227e-02   6.7878e-02  -1.4273e-01  -4.5813e-02   2.1975e-02  -1.5036e-02   2.0068e-02  -1.3231e-01  -1.2725e-01   3.9027e-02  -4.7826e-02  -4.0001e-03  -2.6132e-02   2.2750e-02  -4.1212e-02  -7.1716e-04  -1.7565e-02 Columns 6 through 10:  -2.0611e-01  -6.7336e-02  -2.6319e-01  -2.1756e-01  -1.4273e-01   2.0842e-02   1.2262e-02  -3.2424e-01  -1.2860e-02  -4.5813e-02   5.8236e-02  -1.1008e-01   2.6939e-02  -6.6313e-02   2.1975e-02   6.9954e-02   1.3535e-01  -2.5675e-02   2.9227e-02  -1.5036e-02   3.2204e-01   1.3768e-02   6.1267e-02   6.7878e-02   2.0068e-02   4.7438e-01   2.4630e-01   5.8436e-02   6.7772e-02   4.6710e-02   2.4630e-01   5.2873e-01   2.1196e-01   6.1017e-02   2.7089e-02   5.8436e-02   2.1196e-01   4.5377e-01   1.5750e-01   3.0338e-02   6.7772e-02   6.1017e-02   1.5750e-01   2.7409e-01   1.2103e-01   4.6710e-02   2.7089e-02   3.0338e-02   1.2103e-01   2.2242e-01  -9.0153e-04  -1.5087e-02   6.3286e-02   6.8165e-03   1.1148e-01  -2.1824e-02  -3.2578e-02  -3.9278e-02   6.0195e-03  -1.1664e-02 Columns 11 and 12:  -1.3231e-01  -2.6132e-02  -1.2725e-01   2.2750e-02   3.9027e-02  -4.1212e-02  -4.7826e-02  -7.1716e-04  -4.0001e-03  -1.7565e-02  -9.0153e-04  -2.1824e-02  -1.5087e-02  -3.2578e-02   6.3286e-02  -3.9278e-02   6.8165e-03   6.0195e-03   1.1148e-01  -1.1664e-02   2.1996e-01   7.1131e-02   7.1131e-02   1.5434e-01Clust 6: weight 0.0870288        Mean: 6.71974 3.49324 0.693178 -0.160235 -0.200186 0.191035 0.252534 0.211168 0.0428522 -0.0470226 -0.163558 -0.21423        Variance: Columns 1 through 5:   7.1504e-01   2.0243e-01  -1.8023e-01  -2.5185e-01  -1.3154e-01   2.0243e-01   3.1079e-01   3.1345e-01   1.8521e-01   1.4668e-02  -1.8023e-01   3.1345e-01   5.9562e-01   4.9346e-01   1.7536e-01  -2.5185e-01   1.8521e-01   4.9346e-01   5.0432e-01   2.8942e-01  -1.3154e-01   1.4668e-02   1.7536e-01   2.8942e-01   2.9913e-01  -2.2346e-02  -9.2451e-02  -8.3972e-02   3.9969e-02   1.9669e-01  -6.8083e-04  -1.0627e-01  -1.6212e-01  -1.0566e-01   4.7111e-02  -1.5059e-02  -7.0009e-02  -1.2060e-01  -1.2976e-01  -5.6699e-02  -1.2910e-02  -3.7235e-02  -6.6009e-02  -8.8089e-02  -6.9940e-02   3.4202e-03  -2.3327e-02  -3.8322e-02  -3.6175e-02  -2.3738e-02   1.0150e-02  -1.2744e-02  -1.7138e-02   2.2480e-03   1.7572e-02  -2.1885e-03   5.6599e-03   1.6662e-02   2.6641e-02   2.0880e-02 Columns 6 through 10:  -2.2346e-02  -6.8083e-04  -1.5059e-02  -1.2910e-02   3.4202e-03  -9.2451e-02  -1.0627e-01  -7.0009e-02  -3.7235e-02  -2.3327e-02  -8.3972e-02  -1.6212e-01  -1.2060e-01  -6.6009e-02  -3.8322e-02   3.9969e-02  -1.0566e-01  -1.2976e-01  -8.8089e-02  -3.6175e-02   1.9669e-01   4.7111e-02  -5.6699e-02  -6.9940e-02  -2.3738e-02   2.6570e-01   2.0729e-01   9.0584e-02   1.0008e-02  -5.8883e-03   2.0729e-01   2.7910e-01   2.3415e-01   1.2417e-01   2.3362e-02   9.0584e-02   2.3415e-01   2.8082e-01   2.0488e-01   6.8732e-02   1.0008e-02   1.2417e-01   2.0488e-01   1.9860e-01   1.1342e-01  -5.8883e-03   2.3362e-02   6.8732e-02   1.1342e-01   1.2368e-01   1.3456e-03  -3.3264e-02  -3.8969e-02   1.0684e-02   8.2634e-02  -1.0658e-02  -5.4870e-02  -7.7507e-02  -5.1562e-02   1.3780e-02 Columns 11 and 12:   1.0150e-02  -2.1885e-03  -1.2744e-02   5.6599e-03  -1.7138e-02   1.6662e-02   2.2480e-03   2.6641e-02   1.7572e-02   2.0880e-02   1.3456e-03  -1.0658e-02  -3.3264e-02  -5.4870e-02  -3.8969e-02  -7.7507e-02   1.0684e-02  -5.1562e-02   8.2634e-02   1.3780e-02   1.1302e-01   7.5159e-02   7.5159e-02   9.0935e-02Clust 7: weight 0.0687494        Mean: 10.5383 -0.326763 -0.687096 -0.857571 0.0128767 0.538578 -0.742963 0.271866 0.491298 -0.353974 -0.020497 -0.066814        Variance: Columns 1 through 5:   4.2734138   1.1845334   0.5014454   0.2171520  -0.2287871   1.1845334   3.1658678   0.9561928  -0.0720329   0.0040325   0.5014454   0.9561928   1.1466906   0.3560062   0.0392991   0.2171520  -0.0720329   0.3560062   0.8099898   0.3712504  -0.2287871   0.0040325   0.0392991   0.3712504   0.5885919   0.1332339  -0.1255649   0.0778907   0.0287253   0.2051070   0.2905235   0.3826702  -0.0819325  -0.0182565  -0.0077961   0.0503813   0.1691708   0.0412702  -0.0614470  -0.0026209   0.0167913  -0.2535287  -0.0033681   0.0139151  -0.0632726  -0.1119011   0.0457727  -0.1177164   0.0074316   0.0487743  -0.0516407  -0.1010821   0.0110830  -0.0096467   0.0436917   0.0493180  -0.0537376   0.0245532   0.0421025  -0.0132636 Columns 6 through 10:   0.1332339   0.2905235   0.0503813   0.0167913  -0.1119011  -0.1255649   0.3826702   0.1691708  -0.2535287   0.0457727   0.0778907  -0.0819325   0.0412702  -0.0033681  -0.1177164   0.0287253  -0.0182565  -0.0614470   0.0139151   0.0074316   0.2051070  -0.0077961  -0.0026209  -0.0632726   0.0487743   0.4508317   0.1128506  -0.0176203   0.0224501  -0.0419629   0.1128506   0.5077548   0.1949783  -0.0601816   0.0794601  -0.0176203   0.1949783   0.3793706   0.1243999  -0.0178818   0.0224501  -0.0601816   0.1243999   0.3242197   0.0370103  -0.0419629   0.0794601  -0.0178818   0.0370103   0.2670850   0.0713749  -0.0373158  -0.0158616  -0.0483528   0.0546121   0.0158537  -0.0285243  -0.0531725   0.0140011  -0.0519702 Columns 11 and 12:  -0.0516407   0.0493180  -0.1010821  -0.0537376   0.0110830   0.0245532  -0.0096467   0.0421025   0.0436917  -0.0132636   0.0713749   0.0158537  -0.0373158  -0.0285243  -0.0158616  -0.0531725  -0.0483528   0.0140011   0.0546121  -0.0519702   0.2364315   0.0598767   0.0598767   0.2089189Clust 8: weight 0.0665392        Mean: 9.17152 -2.27517 2.03661 -0.877334 0.197644 0.197261 -0.543726 0.680385 -0.0912366 0.00114641 -0.103873 -0.0702165        Variance: Columns 1 through 5:   7.7511e+00   3.0104e+00  -2.8715e+00  -4.1175e-01   3.8887e-02   3.0104e+00   6.6792e+00  -6.5081e-01   2.8145e-01  -7.3792e-02  -2.8715e+00  -6.5081e-01   4.3342e+00   5.6328e-01   4.7038e-02  -4.1175e-01   2.8145e-01   5.6328e-01   1.3967e+00   1.6676e-01   3.8887e-02  -7.3792e-02   4.7038e-02   1.6676e-01   7.0163e-01   5.0185e-01   4.7967e-01  -2.5737e-01  -4.8907e-02   1.3673e-01  -1.8757e-01   6.5543e-01   5.3778e-01   2.1689e-01  -6.7128e-02  -5.0591e-01  -3.2182e-01   6.2696e-01  -2.4249e-02   3.2420e-02   5.6735e-01  -2.9749e-01  -8.6615e-01  -4.4147e-02  -1.0244e-02  -4.6731e-01  -1.0047e-01   4.9733e-01   4.1950e-03   6.8429e-02  -1.5582e-02  -6.7764e-02   7.6788e-04   4.7250e-03  -2.3315e-02  -6.0066e-02  -1.7518e-01  -6.9805e-02  -4.3496e-02   1.1713e-02 Columns 6 through 10:   5.0185e-01  -1.8757e-01  -5.0591e-01   5.6735e-01  -4.6731e-01   4.7967e-01   6.5543e-01  -3.2182e-01  -2.9749e-01  -1.0047e-01  -2.5737e-01   5.3778e-01   6.2696e-01  -8.6615e-01   4.9733e-01  -4.8907e-02   2.1689e-01  -2.4249e-02  -4.4147e-02   4.1950e-03   1.3673e-01  -6.7128e-02   3.2420e-02  -1.0244e-02   6.8429e-02   5.9790e-01   1.2088e-01  -3.7128e-02   4.8731e-02  -4.8870e-02   1.2088e-01   7.5733e-01   1.9693e-01  -2.2876e-01   1.5176e-01  -3.7128e-02   1.9693e-01   5.4429e-01  -3.5781e-02   8.3596e-02   4.8731e-02  -2.2876e-01  -3.5781e-02   5.8451e-01  -7.4442e-02  -4.8870e-02   1.5176e-01   8.3596e-02  -7.4442e-02   3.6832e-01   8.4928e-02  -3.1028e-02   5.0927e-02  -3.8285e-02   4.1621e-02  -5.5363e-02  -2.3808e-02  -7.0502e-02   4.9564e-02  -2.6184e-02 Columns 11 and 12:  -1.5582e-02  -6.0066e-02  -6.7764e-02  -1.7518e-01   7.6788e-04  -6.9805e-02   4.7250e-03  -4.3496e-02  -2.3315e-02   1.1713e-02   8.4928e-02  -5.5363e-02  -3.1028e-02  -2.3808e-02   5.0927e-02  -7.0502e-02  -3.8285e-02   4.9564e-02   4.1621e-02  -2.6184e-02   2.9445e-01   4.1792e-03   4.1792e-03   2.5542e-01Clust 9: weight 0.0612013        Mean: 5.12079 -2.58746 3.17051 -0.110065 -0.233093 0.162627 -0.299981 1.10605 -0.354024 0.234773 0.213952 -0.168397        Variance: Columns 1 through 5:   4.0115977   1.9851091  -0.2314882  -1.4274032  -0.0915551   1.9851091   3.7250777  -0.0344847  -0.7849461   0.2225991  -0.2314882  -0.0344847   1.3114374   0.3110616   0.2125649  -1.4274032  -0.7849461   0.3110616   1.7798236   0.2901970  -0.0915551   0.2225991   0.2125649   0.2901970   0.9601025   0.4199908   0.5063851  -0.0451939  -0.2268368   0.3336477  -0.0553354   0.0094877  -0.1412948   0.1987102  -0.1415506   0.0772850  -0.0319894   0.1549359  -0.0163499   0.1787045  -0.3321540  -0.0840920  -0.0191239   0.3074360   0.0324847  -0.0137729  -0.0473687   0.1045875  -0.0359678   0.1079179   0.1634654   0.2021091  -0.0213468  -0.0837613   0.0648022  -0.1565854  -0.1213406  -0.0190011   0.0975186  -0.0751170 Columns 6 through 10:   0.4199908  -0.0553354   0.0772850  -0.3321540  -0.0137729   0.5063851   0.0094877  -0.0319894  -0.0840920  -0.0473687  -0.0451939  -0.1412948   0.1549359  -0.0191239   0.1045875  -0.2268368   0.1987102  -0.0163499   0.3074360  -0.0359678   0.3336477  -0.1415506   0.1787045   0.0324847   0.1079179   0.6067391   0.2044406   0.0251322  -0.0035196   0.0102354   0.2044406   0.5137312   0.0738395   0.0429896  -0.0481058   0.0251322   0.0738395   0.3538645   0.0775513   0.0150221  -0.0035196   0.0429896   0.0775513   0.3070409   0.0671799   0.0102354  -0.0481058   0.0150221   0.0671799   0.2498085   0.0590400  -0.0323468   0.0171231  -0.0353717   0.0796878  -0.0302132   0.0528580  -0.0440241   0.0339574  -0.0368210 Columns 11 and 12:   0.1634654  -0.1565854   0.2021091  -0.1213406  -0.0213468  -0.0190011  -0.0837613   0.0975186   0.0648022  -0.0751170   0.0590400  -0.0302132  -0.0323468   0.0528580   0.0171231  -0.0440241  -0.0353717   0.0339574   0.0796878  -0.0368210   0.2249192   0.0466231   0.0466231   0.2197194Clust 10: weight 0.0547554        Mean: 4.94844 2.89247 1.86967 1.1957 0.43797 0.482991 0.507277 0.316234 -0.0400681 0.000402185 -0.0264055 -0.0967304        Variance: Columns 1 through 5:   1.2063708   0.3671811  -0.0225539  -0.2544533  -0.3819716   0.3671811   0.3432245   0.1605609   0.0291420  -0.0141688  -0.0225539   0.1605609   0.2978906   0.2492284   0.1265253  -0.2544533   0.0291420   0.2492284   0.3316229   0.2581981  -0.3819716  -0.0141688   0.1265253   0.2581981   0.3696520  -0.2403077  -0.0836100   0.0112158   0.1002544   0.2305522  -0.0813898  -0.1461379  -0.0700914  -0.0050595   0.0465108  -0.1053998  -0.1254653  -0.0835622  -0.0265756   0.0300746  -0.1361652  -0.0671283  -0.0532132  -0.0271750   0.0262640  -0.0773574  -0.0484401  -0.0222378  -0.0250371  -0.0192291  -0.0306447  -0.0413373  -0.0231319  -0.0163989  -0.0197376  -0.0115287  -0.0076018  -0.0153278  -0.0069222   0.0021293 Columns 6 through 10:  -0.2403077  -0.0813898  -0.1053998  -0.1361652  -0.0773574  -0.0836100  -0.1461379  -0.1254653  -0.0671283  -0.0484401   0.0112158  -0.0700914  -0.0835622  -0.0532132  -0.0222378   0.1002544  -0.0050595  -0.0265756  -0.0271750  -0.0250371   0.2305522   0.0465108   0.0300746   0.0262640  -0.0192291   0.2596606   0.1660649   0.0909840   0.0532223   0.0126542   0.1660649   0.2481075   0.1905349   0.0881302   0.0452006   0.0909840   0.1905349   0.2451758   0.1633261   0.0768876   0.0532223   0.0881302   0.1633261   0.1852363   0.1213653   0.0126542   0.0452006   0.0768876   0.1213653   0.1439282  -0.0144003   0.0168048   0.0460143   0.0551590   0.0964581  -0.0167043  -0.0272427  -0.0051773   0.0094492   0.0231770 Columns 11 and 12:  -0.0306447  -0.0115287  -0.0413373  -0.0076018  -0.0231319  -0.0153278  -0.0163989  -0.0069222  -0.0197376   0.0021293  -0.0144003  -0.0167043   0.0168048  -0.0272427   0.0460143  -0.0051773   0.0551590   0.0094492   0.0964581   0.0231770   0.1247594   0.0667729   0.0667729   0.0856819Clust 11: weight 0.0420461        Mean: 7.12107 -3.10523 0.0528752 0.0773694 -0.141243 -0.0295291 -1.14456 0.3307 0.66014 -0.431998 -0.0371679 0.0178748        Variance: Columns 1 through 5:   4.6769557  -1.4777943   0.1519675   0.1137937  -0.0282358  -1.4777943   1.6230427   0.0704702   0.0299027  -0.0455635   0.1519675   0.0704702   0.7125471  -0.0179858  -0.1529957   0.1137937   0.0299027  -0.0179858   0.5708113   0.2411157  -0.0282358  -0.0455635  -0.1529957   0.2411157   0.5778563   0.1135623  -0.0147430   0.0718554  -0.0354639   0.1520833  -0.4987152   0.3691717   0.0188528   0.0184320  -0.1145574   0.1629402  -0.0442494   0.0529155  -0.0018723  -0.0038414   0.3155102  -0.1515809  -0.0455078   0.0521138   0.0588626  -0.1790540   0.0650469  -0.0792972   0.0325439   0.0500836   0.0138979   0.0220618   0.0203834  -0.0062994  -0.0263343  -0.0126184  -0.0057971   0.0086238  -0.0104562   0.0097187 Columns 6 through 10:   0.1135623  -0.4987152   0.1629402   0.3155102  -0.1790540  -0.0147430   0.3691717  -0.0442494  -0.1515809   0.0650469   0.0718554   0.0188528   0.0529155  -0.0455078  -0.0792972  -0.0354639   0.0184320  -0.0018723   0.0521138   0.0325439   0.1520833  -0.1145574  -0.0038414   0.0588626   0.0500836   0.3657005   0.0814933  -0.0322972   0.0056547  -0.0104420   0.0814933   0.4164258   0.0682748  -0.0892058   0.0567886  -0.0322972   0.0682748   0.3014323   0.1020417  -0.0611115   0.0056547  -0.0892058   0.1020417   0.2769335   0.0626853  -0.0104420   0.0567886  -0.0611115   0.0626853   0.2338299   0.0413853   0.0081670   0.0344897  -0.0587289   0.0215166  -0.0231180  -0.0070137  -0.0226010   0.0190526  -0.0231236 Columns 11 and 12:   0.0138979  -0.0126184   0.0220618  -0.0057971   0.0203834   0.0086238  -0.0062994  -0.0104562  -0.0263343   0.0097187   0.0413853  -0.0231180   0.0081670  -0.0070137   0.0344897  -0.0226010  -0.0587289   0.0190526   0.0215166  -0.0231236   0.2345828   0.0257343   0.0257343   0.2167537Clust 12: weight 0.0214571        Mean: 12.3824 1.50212 -0.376658 -1.05718 -0.157269 0.306774 -0.0163329 0.330381 0.400397 -0.224785 -0.160519 -0.148907        Variance: Columns 1 through 5:   1.4995209  -0.2319640   0.2257531  -0.0379961   0.0762090  -0.2319640   1.5375595   0.6448186   0.4859184   0.0928053   0.2257531   0.6448186   0.9582656   0.4198394   0.1413680  -0.0379961   0.4859184   0.4198394   0.5472770   0.2742116   0.0762090   0.0928053   0.1413680   0.2742116   0.4059782  -0.0354738  -0.0333024  -0.0899412   0.0146312   0.2191489  -0.1775780   0.0037519  -0.1552598  -0.1006123   0.0345069  -0.1160587  -0.0142714  -0.1067135  -0.0727427  -0.0534714   0.0116894  -0.1715525  -0.0636833  -0.1081937  -0.0709126  -0.1030668   0.0270976  -0.0834090  -0.0236074   0.0122636  -0.0041869  -0.0748416  -0.0291143  -0.0211142   0.0535263  -0.0081367  -0.0511682   0.0058392   0.0026589  -0.0054644 Columns 6 through 10:  -0.0354738  -0.1775780  -0.1160587   0.0116894  -0.1030668  -0.0333024   0.0037519  -0.0142714  -0.1715525   0.0270976  -0.0899412  -0.1552598  -0.1067135  -0.0636833  -0.0834090   0.0146312  -0.1006123  -0.0727427  -0.1081937  -0.0236074   0.2191489   0.0345069  -0.0534714  -0.0709126   0.0122636   0.4222419   0.2619930   0.0881526   0.0156178   0.0320277   0.2619930   0.5400260   0.3604934   0.1089245   0.0593039   0.0881526   0.3604934   0.4545440   0.2413491   0.0273309   0.0156178   0.1089245   0.2413491   0.2853458   0.0820345   0.0320277   0.0593039   0.0273309   0.0820345   0.1895529   0.0774901   0.0115263  -0.0518644  -0.0306435   0.0916760   0.0066935  -0.0480238  -0.0549080  -0.0343780  -0.0189336 Columns 11 and 12:  -0.0041869  -0.0081367  -0.0748416  -0.0511682  -0.0291143   0.0058392  -0.0211142   0.0026589   0.0535263  -0.0054644   0.0774901   0.0066935   0.0115263  -0.0480238  -0.0518644  -0.0549080  -0.0306435  -0.0343780   0.0916760  -0.0189336   0.1902252   0.0791312   0.0791312   0.1372842