Gaussian mixture distribution with 12 components in 12 dimension(s)Clust 1: weight 0.143457        Mean: 5.7526 1.17209 2.23793 0.70372 0.20834 0.932935 0.412508 0.608035 0.31588 0.0881009 0.0164237 -0.022225        Variance: Columns 1 through 5:   1.8945647   0.3158185  -0.2883510  -0.2788415  -0.2787417   0.3158185   1.8133220   0.4967036  -0.2069548   0.0504010  -0.2883510   0.4967036   1.0294105   0.3003609   0.0480101  -0.2788415  -0.2069548   0.3003609   0.8779873   0.3772092  -0.2787417   0.0504010   0.0480101   0.3772092   0.5992879  -0.0373207  -0.2308673   0.0315153   0.0812097   0.2231043   0.0394157  -0.3205845  -0.1632983   0.1197032   0.0140038  -0.0239445  -0.2023738  -0.0937069  -0.0306813   0.0398316  -0.0069910  -0.1229528  -0.0554243   0.0073602  -0.0284450  -0.0551274   0.0135225  -0.0063339  -0.0218967  -0.0385800   0.0143428   0.0073416  -0.0207310  -0.0429688  -0.0312105   0.0538191   0.0748231  -0.0502783  -0.0288932  -0.0341191 Columns 6 through 10:  -0.0373207   0.0394157  -0.0239445  -0.0069910  -0.0551274  -0.2308673  -0.3205845  -0.2023738  -0.1229528   0.0135225   0.0315153  -0.1632983  -0.0937069  -0.0554243  -0.0063339   0.0812097   0.1197032  -0.0306813   0.0073602  -0.0218967   0.2231043   0.0140038   0.0398316  -0.0284450  -0.0385800   0.5210348   0.2927508   0.0135821   0.0143112  -0.0359939   0.2927508   0.5687261   0.2253846   0.0048464   0.0034505   0.0135821   0.2253846   0.3971610   0.1267711  -0.0381174   0.0143112   0.0048464   0.1267711   0.2882409   0.0837579  -0.0359939   0.0034505  -0.0381174   0.0837579   0.2379962  -0.0380694  -0.0583674  -0.0475411  -0.0630954   0.0679216  -0.0634118  -0.1039589  -0.0887112  -0.0157985  -0.0449839 Columns 11 and 12:   0.0143428   0.0538191   0.0073416   0.0748231  -0.0207310  -0.0502783  -0.0429688  -0.0288932  -0.0312105  -0.0341191  -0.0380694  -0.0634118  -0.0583674  -0.1039589  -0.0475411  -0.0887112  -0.0630954  -0.0157985   0.0679216  -0.0449839   0.2184656   0.0724188   0.0724188   0.2134620Clust 2: weight 0.109435        Mean: 5.95264 2.18552 1.62733 1.19322 0.423593 0.685171 0.433552 0.211416 0.0449661 -0.172346 -0.189932 -0.0132449        Variance: Columns 1 through 5:   1.8260e+00   5.3526e-01  -2.9894e-01  -3.6216e-01  -2.2337e-01   5.3526e-01   1.0181e+00   4.2104e-01   2.5354e-02   3.3175e-02  -2.9894e-01   4.2104e-01   9.1826e-01   5.6847e-01   1.2238e-01  -3.6216e-01   2.5354e-02   5.6847e-01   7.4255e-01   3.7284e-01  -2.2337e-01   3.3175e-02   1.2238e-01   3.7284e-01   4.9602e-01  -2.4500e-01  -1.3990e-01   6.1227e-02   6.5783e-02   2.5760e-01  -2.5785e-01  -2.3842e-01   1.9453e-02   7.3790e-02   7.2880e-02  -1.9196e-01  -1.9139e-01  -4.0329e-02   6.3333e-02   5.4583e-02  -1.8203e-01  -1.6552e-01  -1.2516e-02  -1.6083e-02  -1.2610e-03  -2.0622e-01  -1.2826e-01  -2.1476e-04  -3.1907e-02  -4.9288e-02  -1.0914e-01  -9.3125e-02  -2.6984e-02  -2.8241e-02  -3.8659e-02   5.4142e-02   4.1055e-03  -7.0917e-03  -2.4476e-02  -3.1289e-02 Columns 6 through 10:  -2.4500e-01  -2.5785e-01  -1.9196e-01  -1.8203e-01  -2.0622e-01  -1.3990e-01  -2.3842e-01  -1.9139e-01  -1.6552e-01  -1.2826e-01   6.1227e-02   1.9453e-02  -4.0329e-02  -1.2516e-02  -2.1476e-04   6.5783e-02   7.3790e-02   6.3333e-02  -1.6083e-02  -3.1907e-02   2.5760e-01   7.2880e-02   5.4583e-02  -1.2610e-03  -4.9288e-02   5.6326e-01   4.2718e-01   1.4082e-01   9.0213e-02   8.3110e-02   4.2718e-01   6.4986e-01   3.7649e-01   1.0805e-01   9.4157e-02   1.4082e-01   3.7649e-01   4.5089e-01   2.3454e-01   5.6578e-02   9.0213e-02   1.0805e-01   2.3454e-01   3.6638e-01   2.2958e-01   8.3110e-02   9.4157e-02   5.6578e-02   2.2958e-01   3.4604e-01   1.9888e-02   5.9166e-02   3.2909e-02   3.8040e-02   1.6647e-01  -4.4024e-02  -6.2311e-02  -3.6823e-02  -4.0536e-02  -4.2528e-02 Columns 11 and 12:  -1.0914e-01   5.4142e-02  -9.3125e-02   4.1055e-03  -2.6984e-02  -7.0917e-03  -2.8241e-02  -2.4476e-02  -3.8659e-02  -3.1289e-02   1.9888e-02  -4.4024e-02   5.9166e-02  -6.2311e-02   3.2909e-02  -3.6823e-02   3.8040e-02  -4.0536e-02   1.6647e-01  -4.2528e-02   2.4427e-01   9.1554e-02   9.1554e-02   1.8310e-01Clust 3: weight 0.0991098        Mean: 7.09683 1.86379 2.07715 0.508359 0.346207 0.256596 -0.570892 -0.0937911 -0.348982 -0.505823 -0.402541 0.0333016        Variance: Columns 1 through 5:   2.1525e+00  -5.3679e-02  -3.8740e-01  -3.6486e-02  -7.9764e-02  -5.3679e-02   1.4441e+00   5.2640e-01   1.5074e-01   2.0518e-01  -3.8740e-01   5.2640e-01   1.4004e+00   5.4458e-01   1.4016e-01  -3.6486e-02   1.5074e-01   5.4458e-01   1.0687e+00   3.4923e-01  -7.9764e-02   2.0518e-01   1.4016e-01   3.4923e-01   6.6922e-01   1.9719e-02  -8.5358e-02   1.9826e-01   2.7580e-02   1.9285e-01   6.8605e-02   3.7932e-02   1.9336e-01   2.4196e-01  -6.6643e-02  -8.2844e-03   6.6243e-04   1.9084e-01   7.8313e-02   5.7043e-02  -1.4551e-02  -1.4689e-01  -4.9680e-02  -4.4170e-02  -4.8662e-02  -8.4015e-02  -5.5649e-02  -5.1601e-02  -1.1763e-01  -9.7084e-02  -5.4807e-02  -7.9189e-02   1.8736e-02  -6.2411e-02  -8.1119e-02   4.1389e-02   2.1790e-02   7.6029e-02   4.5203e-02   9.1821e-03 Columns 6 through 10:   1.9719e-02   6.8605e-02  -8.2844e-03  -1.4551e-02  -8.4015e-02  -8.5358e-02   3.7932e-02   6.6243e-04  -1.4689e-01  -5.5649e-02   1.9826e-01   1.9336e-01   1.9084e-01  -4.9680e-02  -5.1601e-02   2.7580e-02   2.4196e-01   7.8313e-02  -4.4170e-02  -1.1763e-01   1.9285e-01  -6.6643e-02   5.7043e-02  -4.8662e-02  -9.7084e-02   6.2683e-01   2.9674e-01  -1.9960e-02  -2.2655e-02  -9.3193e-02   2.9674e-01   6.6303e-01   2.0656e-01  -1.4733e-01  -1.0943e-01  -1.9960e-02   2.0656e-01   4.6530e-01   7.6948e-02  -1.4722e-01  -2.2655e-02  -1.4733e-01   7.6948e-02   3.5353e-01   1.2562e-01  -9.3193e-02  -1.0943e-01  -1.4722e-01   1.2562e-01   3.8826e-01  -1.3953e-02  -2.0093e-02   7.7400e-03  -2.2424e-02   1.1876e-01   2.2968e-02   6.1544e-02   6.2529e-02  -8.2405e-03  -6.1813e-02 Columns 11 and 12:  -5.4807e-02   4.1389e-02  -7.9189e-02   2.1790e-02   1.8736e-02   7.6029e-02  -6.2411e-02   4.5203e-02  -8.1119e-02   9.1821e-03  -1.3953e-02   2.2968e-02  -2.0093e-02   6.1544e-02   7.7400e-03   6.2529e-02  -2.2424e-02  -8.2405e-03   1.1876e-01  -6.1813e-02   3.2916e-01   1.1526e-01   1.1526e-01   2.5800e-01Clust 4: weight 0.0976669        Mean: 6.16235 -1.75395 1.18687 0.204961 -0.900537 0.939467 -0.234797 -0.181092 0.251707 -0.184242 0.247623 0.274242        Variance: Columns 1 through 5:   1.0732e+00   4.4743e-01  -5.2008e-02   1.3129e-01  -4.4017e-02   4.4743e-01   2.2807e+00  -8.2156e-02   3.5690e-01   1.8810e-01  -5.2008e-02  -8.2156e-02   8.0324e-01   6.7923e-04   7.5857e-02   1.3129e-01   3.5690e-01   6.7923e-04   6.4255e-01   1.8937e-01  -4.4017e-02   1.8810e-01   7.5857e-02   1.8937e-01   4.2074e-01  -5.4005e-02  -1.7920e-01   1.7769e-01  -4.5941e-02   1.2248e-01   6.4069e-02   2.1532e-01  -1.2240e-01   1.6029e-01  -5.8451e-04  -6.0341e-02  -8.1627e-02   1.7775e-01  -6.0903e-02   7.9496e-02   9.7636e-03   2.5076e-01  -1.9027e-02   1.2530e-01   3.3680e-02  -1.5666e-02  -2.6526e-02  -2.2369e-02   3.0896e-02   1.7070e-02  -4.4269e-02  -3.1827e-01   1.0202e-01  -1.0469e-01  -1.2931e-02   4.5666e-02   1.1521e-01  -8.7800e-02   7.0493e-02  -3.4674e-02 Columns 6 through 10:  -5.4005e-02   6.4069e-02  -6.0341e-02   9.7636e-03  -1.5666e-02  -1.7920e-01   2.1532e-01  -8.1627e-02   2.5076e-01  -2.6526e-02   1.7769e-01  -1.2240e-01   1.7775e-01  -1.9027e-02  -2.2369e-02  -4.5941e-02   1.6029e-01  -6.0903e-02   1.2530e-01   3.0896e-02   1.2248e-01  -5.8451e-04   7.9496e-02   3.3680e-02   1.7070e-02   3.7799e-01   6.4637e-02   4.4654e-02   1.5981e-02  -1.6932e-02   6.4637e-02   3.5530e-01   2.4563e-02   3.5915e-02   2.3294e-02   4.4654e-02   2.4563e-02   3.1520e-01   4.2337e-02  -1.9686e-02   1.5981e-02   3.5915e-02   4.2337e-02   2.8434e-01   5.1665e-02  -1.6932e-02   2.3294e-02  -1.9686e-02   5.1665e-02   2.2884e-01   4.2629e-02  -6.5214e-02   4.5639e-02  -6.5085e-02   6.5855e-02  -2.7674e-02   4.5439e-02  -5.2498e-02   4.2468e-02  -1.0856e-02 Columns 11 and 12:  -4.4269e-02   4.5666e-02  -3.1827e-01   1.1521e-01   1.0202e-01  -8.7800e-02  -1.0469e-01   7.0493e-02  -1.2931e-02  -3.4674e-02   4.2629e-02  -2.7674e-02  -6.5214e-02   4.5439e-02   4.5639e-02  -5.2498e-02  -6.5085e-02   4.2468e-02   6.5855e-02  -1.0856e-02   2.5742e-01   1.6865e-02   1.6865e-02   1.9615e-01Clust 5: weight 0.0957814        Mean: 5.55797 -2.96696 2.06797 -0.228163 0.265762 0.803756 -0.0382303 0.532967 -0.1965 0.288156 0.0546797 0.0522175        Variance: Columns 1 through 5:   5.2248959   3.8124338   0.8796931   0.4445517  -0.6809230   3.8124338   6.4456321   2.0250034   0.8234429  -0.2380354   0.8796931   2.0250034   2.3003460   0.4857297   0.2433926   0.4445517   0.8234429   0.4857297   1.2557741   0.2830199  -0.6809230  -0.2380354   0.2433926   0.2830199   1.0773392   0.1215131   0.1836334   0.1017636   0.2114641   0.3575055   0.3884578   0.2840933  -0.1139087   0.1395128   0.0078936   0.0300276  -0.1152802   0.0432041  -0.0630147   0.2000361   0.1897261   0.2324777   0.0011356   0.1898087   0.0324879  -0.2277736  -0.2335491   0.0592293  -0.0608608   0.1265481   0.0153278  -0.1793663  -0.1719337   0.0663930  -0.0981621  -0.0771081  -0.1557940  -0.0855797  -0.0799130  -0.0276233 Columns 6 through 10:   0.1215131   0.3884578   0.0300276   0.1897261  -0.2277736   0.1836334   0.2840933  -0.1152802   0.2324777  -0.2335491   0.1017636  -0.1139087   0.0432041   0.0011356   0.0592293   0.2114641   0.1395128  -0.0630147   0.1898087  -0.0608608   0.3575055   0.0078936   0.2000361   0.0324879   0.1265481   0.6959238   0.3356565   0.0967374   0.1212390  -0.0407453   0.3356565   0.6789465   0.2790386   0.0743589  -0.0066563   0.0967374   0.2790386   0.5395289   0.1808145  -0.0154804   0.1212390   0.0743589   0.1808145   0.3712810   0.0530683  -0.0407453  -0.0066563  -0.0154804   0.0530683   0.3173856   0.0145856  -0.0504644  -0.0641992  -0.0243322   0.0563657  -0.0775979  -0.0327063  -0.0549653  -0.0386714  -0.0053846 Columns 11 and 12:   0.0153278  -0.0771081  -0.1793663  -0.1557940  -0.1719337  -0.0855797   0.0663930  -0.0799130  -0.0981621  -0.0276233   0.0145856  -0.0775979  -0.0504644  -0.0327063  -0.0641992  -0.0549653  -0.0243322  -0.0386714   0.0563657  -0.0053846   0.3046555   0.0654422   0.0654422   0.2328469Clust 6: weight 0.0929501        Mean: 5.56575 0.308001 3.21014 0.00353336 0.384144 0.581708 -0.0736238 0.776404 0.123215 0.336519 -0.172606 0.0346383        Variance: Columns 1 through 5:   2.9292660   1.1435301  -0.4515228  -0.7500844  -0.3595712   1.1435301   2.5257752  -0.0394840  -0.4765783  -0.0326295  -0.4515228  -0.0394840   1.0518535   0.1913858  -0.0075446  -0.7500844  -0.4765783   0.1913858   1.1717353   0.3360857  -0.3595712  -0.0326295  -0.0075446   0.3360857   0.6443939  -0.3757783  -0.2838658   0.1017990   0.0758327   0.1213658  -0.1828893  -0.2260630  -0.0526018   0.1890133  -0.0616429   0.0097394  -0.2378728   0.0060542  -0.0311385  -0.0073893  -0.0620553  -0.1568064  -0.0741393   0.0611559  -0.0845824  -0.0710142  -0.1061615  -0.0111134  -0.0308152  -0.0143030  -0.1630877  -0.0549148   0.0102673   0.0682734   0.0049529   0.0308480   0.1343933  -0.0051159   0.0014878   0.0325264 Columns 6 through 10:  -0.3757783  -0.1828893   0.0097394  -0.0620553  -0.0710142  -0.2838658  -0.2260630  -0.2378728  -0.1568064  -0.1061615   0.1017990  -0.0526018   0.0060542  -0.0741393  -0.0111134   0.0758327   0.1890133  -0.0311385   0.0611559  -0.0308152   0.1213658  -0.0616429  -0.0073893  -0.0845824  -0.0143030   0.5353221   0.2718027  -0.0277404   0.0308705   0.0104897   0.2718027   0.5821930   0.1514823  -0.0178459   0.0553214  -0.0277404   0.1514823   0.3679767   0.0928005  -0.0372273   0.0308705  -0.0178459   0.0928005   0.3313177   0.0647830   0.0104897   0.0553214  -0.0372273   0.0647830   0.2628365   0.0393831   0.0067276  -0.0019090  -0.0503052   0.0491308  -0.0646620  -0.0784070  -0.0643858  -0.0138844  -0.0703544 Columns 11 and 12:  -0.1630877   0.0308480  -0.0549148   0.1343933   0.0102673  -0.0051159   0.0682734   0.0014878   0.0049529   0.0325264   0.0393831  -0.0646620   0.0067276  -0.0784070  -0.0019090  -0.0643858  -0.0503052  -0.0138844   0.0491308  -0.0703544   0.2503215   0.0349413   0.0349413   0.2401978Clust 7: weight 0.075704        Mean: 4.94521 3.0299 1.86184 1.346 0.787377 0.732015 0.465928 0.270582 0.0595971 -0.0758815 -0.132818 -0.0354313        Variance: Columns 1 through 5:   1.0109826   0.4469980  -0.0309722  -0.2229644  -0.2427217   0.4469980   0.3957714   0.2146340   0.0477275  -0.0436228  -0.0309722   0.2146340   0.3861637   0.3185313   0.1551973  -0.2229644   0.0477275   0.3185313   0.3930841   0.2803411  -0.2427217  -0.0436228   0.1551973   0.2803411   0.3067240  -0.2153050  -0.1063656   0.0408232   0.1418218   0.2473220  -0.1709671  -0.1249314  -0.0230927   0.0609077   0.1554818  -0.1431051  -0.1035114  -0.0314694   0.0263654   0.0838918  -0.1436754  -0.0827687  -0.0040374   0.0169077   0.0405854  -0.1295229  -0.0603033   0.0094162   0.0135277   0.0157693  -0.0631280  -0.0305986  -0.0012819  -0.0021108  -0.0050908   0.0205873  -0.0028636  -0.0153992  -0.0239269  -0.0296527 Columns 6 through 10:  -0.2153050  -0.1709671  -0.1431051  -0.1436754  -0.1295229  -0.1063656  -0.1249314  -0.1035114  -0.0827687  -0.0603033   0.0408232  -0.0230927  -0.0314694  -0.0040374   0.0094162   0.1418218   0.0609077   0.0263654   0.0169077   0.0135277   0.2473220   0.1554818   0.0838918   0.0405854   0.0157693   0.3367562   0.2872726   0.1677051   0.1000747   0.0566778   0.2872726   0.3251691   0.2377030   0.1452519   0.0802421   0.1677051   0.2377030   0.2507841   0.1988427   0.1123775   0.1000747   0.1452519   0.1988427   0.2384303   0.1857082   0.0566778   0.0802421   0.1123775   0.1857082   0.2103268   0.0029859   0.0100744   0.0310214   0.0772911   0.1310433  -0.0380807  -0.0438349  -0.0313967  -0.0102947   0.0228575 Columns 11 and 12:  -0.0631280   0.0205873  -0.0305986  -0.0028636  -0.0012819  -0.0153992  -0.0021108  -0.0239269  -0.0050908  -0.0296527   0.0029859  -0.0380807   0.0100744  -0.0438349   0.0310214  -0.0313967   0.0772911  -0.0102947   0.1310433   0.0228575   0.1402029   0.0755032   0.0755032   0.0960930Clust 8: weight 0.0700196        Mean: 8.33208 -0.177387 3.5304 -0.637316 0.652545 0.384857 -0.499557 0.549648 -0.386325 0.0840276 -0.473665 0.0639569        Variance: Columns 1 through 5:   3.2480e+00  -1.2743e-01  -3.5738e-01  -2.6423e-02   3.5048e-02  -1.2743e-01   2.6545e+00  -4.3183e-02   3.2873e-01   1.6368e-01  -3.5738e-01  -4.3183e-02   1.8549e+00  -3.6164e-02   9.5194e-02  -2.6423e-02   3.2873e-01  -3.6164e-02   1.4334e+00   1.3595e-01   3.5048e-02   1.6368e-01   9.5194e-02   1.3595e-01   8.2212e-01  -6.0243e-02  -2.0862e-01   1.0058e-01   6.7112e-02  -4.1427e-02   3.7032e-02  -2.8437e-01   1.4727e-01   1.4577e-01  -2.1894e-01  -9.9164e-02  -4.4128e-01   3.0347e-01  -1.0221e-01   4.8693e-04  -1.7210e-01  -2.5462e-01  -4.0978e-02  -6.0015e-03  -1.2869e-01  -2.6601e-01  -3.4363e-01   2.0936e-01  -3.0022e-01  -6.5205e-02  -8.6389e-02  -6.9249e-02  -3.4523e-02   3.2078e-02  -1.6872e-01   1.0520e-01   1.5726e-01   5.2173e-02  -4.4048e-02   7.9187e-02 Columns 6 through 10:  -6.0243e-02   3.7032e-02  -9.9164e-02  -1.7210e-01  -2.6601e-01  -2.0862e-01  -2.8437e-01  -4.4128e-01  -2.5462e-01  -3.4363e-01   1.0058e-01   1.4727e-01   3.0347e-01  -4.0978e-02   2.0936e-01   6.7112e-02   1.4577e-01  -1.0221e-01  -6.0015e-03  -3.0022e-01  -4.1427e-02  -2.1894e-01   4.8693e-04  -1.2869e-01  -6.5205e-02   8.4151e-01   3.5910e-01   2.8399e-03   9.9897e-02  -6.5121e-02   3.5910e-01   9.5716e-01   3.7970e-01  -5.1797e-02   4.9581e-02   2.8399e-03   3.7970e-01   7.6665e-01   1.3873e-01   9.5130e-04   9.9897e-02  -5.1797e-02   1.3873e-01   5.0366e-01   1.6538e-01  -6.5121e-02   4.9581e-02   9.5130e-04   1.6538e-01   6.0384e-01   9.3251e-02   3.2547e-02   5.3650e-02  -1.8613e-02   7.4082e-02  -1.0385e-01  -3.6320e-02  -3.6564e-02  -3.5405e-02  -9.0690e-02 Columns 11 and 12:  -8.6389e-02   1.0520e-01  -6.9249e-02   1.5726e-01  -3.4523e-02   5.2173e-02   3.2078e-02  -4.4048e-02  -1.6872e-01   7.9187e-02   9.3251e-02  -1.0385e-01   3.2547e-02  -3.6320e-02   5.3650e-02  -3.6564e-02  -1.8613e-02  -3.5405e-02   7.4082e-02  -9.0690e-02   4.2775e-01   2.0241e-02   2.0241e-02   3.6000e-01Clust 9: weight 0.0688292        Mean: 3.48438 -4.90383 3.84979 -1.24009 1.07789 0.20002 -0.230787 0.693347 -0.426616 0.673306 -0.279111 0.265772        Variance: Columns 1 through 5:   7.9571e+00   2.7320e+00  -7.3367e-01   8.4365e-02  -5.1741e-01   2.7320e+00   6.0860e+00   5.0023e-01   1.4698e-01  -4.5911e-01  -7.3367e-01   5.0023e-01   2.5343e+00   1.5080e-01   4.4219e-01   8.4365e-02   1.4698e-01   1.5080e-01   1.2655e+00   6.6742e-03  -5.1741e-01  -4.5911e-01   4.4219e-01   6.6742e-03   9.2158e-01   4.3176e-01   2.9218e-01  -1.3804e-01   1.1788e-01   9.4975e-02   2.1395e-01   1.2578e-01   6.8908e-02   5.4463e-02   1.8682e-02   4.4353e-02   2.8055e-02   1.5028e-01   2.1673e-02   7.2113e-02   8.5161e-03  -2.3114e-02  -9.4332e-03   1.5579e-01  -4.9521e-03  -4.1055e-02  -1.2535e-01   1.2869e-01  -6.6304e-02   1.0608e-01   1.4130e-02  -5.3102e-03  -1.5959e-01   9.3314e-02  -8.2997e-02  -9.5958e-02  -5.9090e-02   8.7085e-02  -4.0447e-02   6.9256e-02 Columns 6 through 10:   4.3176e-01   2.1395e-01   4.4353e-02   8.5161e-03  -4.1055e-02   2.9218e-01   1.2578e-01   2.8055e-02  -2.3114e-02  -1.2535e-01  -1.3804e-01   6.8908e-02   1.5028e-01  -9.4332e-03   1.2869e-01   1.1788e-01   5.4463e-02   2.1673e-02   1.5579e-01  -6.6304e-02   9.4975e-02   1.8682e-02   7.2113e-02  -4.9521e-03   1.0608e-01   6.1414e-01   1.7612e-01   9.8295e-03   4.0248e-02  -1.8307e-02   1.7612e-01   4.8702e-01   1.5147e-01   2.8087e-03   3.7671e-02   9.8295e-03   1.5147e-01   3.8433e-01   8.8894e-02  -3.5091e-03   4.0248e-02   2.8087e-03   8.8894e-02   3.1267e-01   5.4271e-02  -1.8307e-02   3.7671e-02  -3.5091e-03   5.4271e-02   2.8072e-01   6.0099e-02  -1.3886e-02   6.2100e-03  -9.7160e-04   3.3022e-02  -4.8566e-02   1.6044e-03  -1.5521e-02  -6.6189e-04   6.1127e-03 Columns 11 and 12:   1.4130e-02  -9.5958e-02  -5.3102e-03  -5.9090e-02  -1.5959e-01   8.7085e-02   9.3314e-02  -4.0447e-02  -8.2997e-02   6.9256e-02   6.0099e-02  -4.8566e-02  -1.3886e-02   1.6044e-03   6.2100e-03  -1.5521e-02  -9.7160e-04  -6.6189e-04   3.3022e-02   6.1127e-03   2.6308e-01   2.8188e-02   2.8188e-02   2.1634e-01Clust 10: weight 0.0549338        Mean: 4.77474 2.86616 2.19124 1.07611 0.597591 0.62595 0.173696 0.208589 0.0445849 -0.0876993 -0.0867183 0.0266629        Variance: Columns 1 through 5:   2.0420360   1.1262560   0.5491330   0.0707204  -0.0899771   1.1262560   0.8609177   0.4810259   0.1856641   0.0561844   0.5491330   0.4810259   0.5896189   0.3590226   0.1963927   0.0707204   0.1856641   0.3590226   0.4687827   0.3343907  -0.0899771   0.0561844   0.1963927   0.3343907   0.3561023  -0.1117478  -0.0620154   0.1678870   0.2207371   0.2671411  -0.1646898  -0.1314832   0.0112815   0.1350701   0.1661360  -0.0870015  -0.1048049  -0.0239288   0.0268625   0.0792828  -0.1206244  -0.1232433  -0.0208117  -0.0028898   0.0041210  -0.1175569  -0.0864798  -0.0418134  -0.0165480  -0.0259231  -0.0530414  -0.0394135  -0.0278555  -0.0382154  -0.0326082   0.0400789   0.0062248  -0.0153457  -0.0302216  -0.0383383 Columns 6 through 10:  -0.1117478  -0.1646898  -0.0870015  -0.1206244  -0.1175569  -0.0620154  -0.1314832  -0.1048049  -0.1232433  -0.0864798   0.1678870   0.0112815  -0.0239288  -0.0208117  -0.0418134   0.2207371   0.1350701   0.0268625  -0.0028898  -0.0165480   0.2671411   0.1661360   0.0792828   0.0041210  -0.0259231   0.3922973   0.2815546   0.1469764   0.1028873   0.0210393   0.2815546   0.3209286   0.1982328   0.1290110   0.0842331   0.1469764   0.1982328   0.2271738   0.1689382   0.0906618   0.1028873   0.1290110   0.1689382   0.2287432   0.1527670   0.0210393   0.0842331   0.0906618   0.1527670   0.1990992  -0.0167002   0.0014111   0.0417433   0.0682830   0.1082409  -0.0379704  -0.0399441  -0.0183389   0.0135846   0.0236295 Columns 11 and 12:  -0.0530414   0.0400789  -0.0394135   0.0062248  -0.0278555  -0.0153457  -0.0382154  -0.0302216  -0.0326082  -0.0383383  -0.0167002  -0.0379704   0.0014111  -0.0399441   0.0417433  -0.0183389   0.0682830   0.0135846   0.1082409   0.0236295   0.1358415   0.0647188   0.0647188   0.0945796Clust 11: weight 0.0537589        Mean: 0.15819 -5.84172 4.00295 0.0439758 1.06112 0.313391-0.478308 0.734051 -0.174553 0.633221 -0.18417 0.235447        Variance: Columns 1 through 5:   3.5099e+00   1.5748e+00   4.8839e-01   5.7834e-01   4.0127e-01   1.5748e+00   2.7041e+00   8.5882e-01   3.0616e-01   7.9490e-02   4.8839e-01   8.5882e-01   1.3486e+00   4.3953e-02   7.1868e-02   5.7834e-01   3.0616e-01   4.3953e-02   1.3545e+00   1.8498e-01   4.0127e-01   7.9490e-02   7.1868e-02   1.8498e-01   7.0224e-01   3.3973e-01   3.9579e-01   5.6777e-02   5.0244e-02   2.2155e-01   1.6583e-01   2.7452e-01   2.2406e-01   1.3853e-01  -1.1751e-01  -1.6770e-02   5.3119e-02   2.0262e-01   1.4591e-01   2.8636e-02   6.7854e-02   2.9698e-02  -1.0693e-01   2.3867e-01   5.8071e-02   9.4285e-02  -4.9615e-02   2.3369e-03  -7.3899e-02   7.7390e-02   4.3221e-02   8.6696e-02  -4.1828e-02   1.0460e-01  -2.7526e-02   2.5389e-02  -7.4623e-03   5.2640e-02  -4.9331e-02   1.1920e-02 Columns 6 through 10:   3.3973e-01   1.6583e-01  -1.6770e-02   6.7854e-02   9.4285e-02   3.9579e-01   2.7452e-01   5.3119e-02   2.9698e-02  -4.9615e-02   5.6777e-02   2.2406e-01   2.0262e-01  -1.0693e-01   2.3369e-03   5.0244e-02   1.3853e-01   1.4591e-01   2.3867e-01  -7.3899e-02   2.2155e-01  -1.1751e-01   2.8636e-02   5.8071e-02   7.7390e-02   5.0581e-01   1.5059e-01  -9.5612e-02   3.9321e-02   5.6890e-02   1.5059e-01   4.2479e-01   1.2136e-01  -4.2643e-02   3.5257e-03  -9.5612e-02   1.2136e-01   3.4758e-01   8.6087e-02  -7.3165e-02   3.9321e-02  -4.2643e-02   8.6087e-02   2.9191e-01   5.5503e-02   5.6890e-02   3.5257e-03  -7.3165e-02   5.5503e-02   2.5377e-01   2.8538e-02   1.0847e-02   8.1531e-03  -6.6615e-03   4.6766e-02  -2.1656e-02   1.0334e-02   5.0086e-03   7.9049e-04  -1.9160e-02 Columns 11 and 12:   4.3221e-02   2.5389e-02   8.6696e-02  -7.4623e-03  -4.1828e-02   5.2640e-02   1.0460e-01  -4.9331e-02  -2.7526e-02   1.1920e-02   2.8538e-02  -2.1656e-02   1.0847e-02   1.0334e-02   8.1531e-03   5.0086e-03  -6.6615e-03   7.9049e-04   4.6766e-02  -1.9160e-02   2.0721e-01   2.9396e-02   2.9396e-02   1.7603e-01Clust 12: weight 0.0383547        Mean: 4.03702 3.01767 2.05457 1.68106 1.16152 0.948565 0.634765 0.449206 0.239277 0.111499 -0.0259921 -0.063205        Variance: Columns 1 through 5:   0.4813571   0.3111707   0.1311277  -0.0176470  -0.1089562   0.3111707   0.2279225   0.1285034   0.0351431  -0.0333969   0.1311277   0.1285034   0.1202701   0.0914608   0.0508730  -0.0176470   0.0351431   0.0914608   0.1227634   0.1180358  -0.1089562  -0.0333969   0.0508730   0.1180358   0.1486598  -0.1423527  -0.0723653   0.0128778   0.0893925   0.1417236  -0.1404459  -0.0869931  -0.0179207   0.0526780   0.1108411  -0.1198372  -0.0831300  -0.0352819   0.0195442   0.0716640  -0.0923860  -0.0690991  -0.0379671  -0.0020350   0.0361141  -0.0643732  -0.0506143  -0.0325788  -0.0127201   0.0088293  -0.0339327  -0.0295019  -0.0238024  -0.0177307  -0.0106531  -0.0036061  -0.0092213  -0.0143350  -0.0195678  -0.0229909 Columns 6 through 10:  -0.1423527  -0.1404459  -0.1198372  -0.0923860  -0.0643732  -0.0723653  -0.0869931  -0.0831300  -0.0690991  -0.0506143   0.0128778  -0.0179207  -0.0352819  -0.0379671  -0.0325788   0.0893925   0.0526780   0.0195442  -0.0020350  -0.0127201   0.1417236   0.1108411   0.0716640   0.0361141   0.0088293   0.1630904   0.1499915   0.1140087   0.0728721   0.0329966   0.1499915   0.1601846   0.1393350   0.1009960   0.0559491   0.1140087   0.1393350   0.1404070   0.1165725   0.0751737   0.0728721   0.1009960   0.1165725   0.1139101   0.0874230   0.0329966   0.0559491   0.0751737   0.0874230   0.0829519  -0.0010881   0.0122738   0.0295644   0.0470219   0.0587936  -0.0232114  -0.0189704  -0.0074403   0.0090823   0.0262786 Columns 11 and 12:  -0.0339327  -0.0036061  -0.0295019  -0.0092213  -0.0238024  -0.0143350  -0.0177307  -0.0195678  -0.0106531  -0.0229909  -0.0010881  -0.0232114   0.0122738  -0.0189704   0.0295644  -0.0074403   0.0470219   0.0090823   0.0587936   0.0262786   0.0577864   0.0408628   0.0408628   0.0447935