# Created by Octave 4.0.3, Tue Apr 25 12:58:42 2017 EST <BrittneySamuels@Brittney-Samuelss-MacBook-Pro.local>
# name: GMModel
# type: object


